730322
388463
595402
83592
199522
464370
512977
323672
668514
945452
167719
102139
672612
175499
578802
475728
854361
850145
508639
955996
496307
170471
876146
127078
190503
977226
831793
143560
237228
507984
539950
529091
749019
237316
342199
442140
186585
137006
700586
914927
578448
896407
488108
717918
848214
44244
490473
639084
714007
240405
213509
522720
347837
288039
3605
324826
643382
282715
650370
517656
518066
704219
664861
176304
100215
348458
166489
729441
488920
555903
16780
547390
918053
243520
303604
682351
671009
186303
737917
376191
444052
349116
634986
394238
766240
230217
412960
560986
814257
592131
395967
664197
253493
993134
607362
751413
332986
599727
723230
734066
328674
125828
921229
601333
803126
311110
89483
176885
188522
459340
334600
468685
629251
901500
85289
874806
42451
732646
514849
627258
427489
945142
820037
422918
56981
116392
169652
59671
388757
550882
578094
269903
280591
566837
403684
852741
316026
671496
311858
427878
792019
46996
890096
387205
919164
381812
794644
140858
297206
269147
871999
149382
742072
829363
86218
674125
781867
250670
729456
556103
140661
353680
324135
260795
529163
920394
903820
362045
595098
477246
608147
10352
58695
76067
355124
822656
246534
215719
925819
197024
57729
801577
938022
689582
132181
788163
706640
864475
320281
161694
10259
901863
622506
374359
529896
787608
986157
457879
801879
598215
100355
597374
66545
65705
291782
990805
283088
608736
783475
99411
488317
634956
539720
63644
633814
954086
350416
29557
34438
929505
534042
238967
26157
185939
477247
391153
145140
44438
357524
693281
814657
961272
734870
397239
235282
685916
62733
463669
401221
604149
714930
3399
265261
627620
456212
12863
856725
587171
453228
580605
135238
895977
98857
169180
333236
524522
752162
402555
583637
6106
946063
813985
466702
364246
45663
776898
869257
732480
896889
468244
426329
985755
532161
32209
924590
575231
195901
726273
373010
227150
131939
303908
831603
332981
290274
149654
577472
745404
734788
781576
837324
637322
165460
215819
6747
832291
38772
253694
926405
757833
21834
572248
288067
6449
394550
76706
967918
813100
775161
893202
127162
847941
22527
997893
371342
898559
820498
429963
111457
465363
201721
431802
345267
503812
375543
144380
296315
567283
545635
897139
804699
211863
634597
645373
297022
851892
388559
985299
720636
959877
682210
801319
653625
341561
344842
999859
115217
81308
475694
146664
400296
155390
376357
888780
228644
46370
80850
454211
153660
972694
630026
479857
80293
525556
683025
818725
424872
582335
557297
457781
186370
775839
480444
329664
543045
396845
339212
446066
796942
699241
214194
784142
561531
531027
280140
14607
472132
109406
526658
955000
29904
450899
980165
787463
764672
348109
620577
829865
575420
396988
559805
262125
98547
310879
131126
439563
120529
960501
167675
37282
367666
485745
475204
487598
482488
391471
658599
695285
23239
323038
657985
425615
559520
333869
234558
420180
467706
655920
438498
73292
180500
87932
276847
655902
250204
787203
942123
758787
66739
972131
975168
211001
2505
315977
63043
325994
215443
88738
684940
355198
694668
176232
728424
794461
921809
415434
257173
124694
208956
10839
211600
720268
646354
922638
522836
902287
947073
798819
573197
120046
236200
514255
579522
315882
708177
579183
369415
287613
553617
495141
188582
418871
203377
189257
516010
54238
958722
946774
181746
373441
716128
198035
749940
274051
281033
605962
234259
65732
265597
714991
538960
178365
401844
641434
794740
360876
906426
891681
984598
438982
184558
363218
706464
66896
289895
246859
79321
648105
701526
8781
170901
895114
742039
774562
122247
672613
560050
768216
218511
180937
920064
542399
141829
485271
779681
278928
762651
679475
216282
186237
781320
496926
89609
860924
271628
663601
584524
771304
894326
552665
583398
860346
243400
548630
823480
544291
809913
483639
955673
639413
351692
764893
294716
230620
310927
243416
142619
382867
213500
937513
953520
410518
449071
811793
4678
709763
536253
886903
584202
511546
779990
277614
245662
607089
262016
730274
940682
508
228422
343765
337534
941432
64255
513113
116574
396862
6407
868675
70893
330076
556001
860193
225099
28819
134800
59662
201781
764893
708141
292157
76067
317255
571503
432187
345443
268952
189178
69597
406262
172387
177735
366514
909396
443944
52100
328230
342003
68232
911872
562033
655851
568647
110367
594006
891225
827608
52157
754170
699811
832025
851465
215550
993660
440800
432032
211918
780115
676854
82751
253439
645964
2981
670298
597466
407945
478701
789160
165682
898596
775456
552862
961566
316486
477989
922390
908837
923407
375500
549716
504859
952334
864173
971788
695163
898583
126258
619071
393293
30629
540130
829314
985425
143542
404771
231395
386800
194014
97741
170
698248
570250
434923
220503
981860
792241
606022
757132
401282
620735
362343
593571
587348
984240
423972
601175
291074
702095
29288
246329
779510
440386
166047
514231
840612
730814
807143
145858
570410
403250
73953
694155
883432
341923
512333
939418
177529
883712
402053
1958
469879
565006
464280
718448
721981
735839
956260
387071
177203
499490
594245
406173
847885
392322
409064
644377
190034
289103
784241
709459
575596
186586
242513
596004
429831
571214
454016
63707
442876
911546
231129
136405
648786
11442
965251
85838
43308
212721
761815
30228
793938
314689
197440
780018
7320
795605
541181
66715
76860
45230
969049
43257
607498
880990
446862
885339
500360
689403
604640
623695
417111
33660
153665
148132
154019
450782
743786
819927
504561
233084
863341
225726
859440
609229
356490
894827
457690
829973
961043
743561
709153
76943
682085
15621
245306
777785
214098
223408
231343
301475
740967
669130
790215
199590
193560
809019
729772
790210
580267
276216
150181
149744
145999
226896
598177
72890
205968
931670
168277
346304
176140
396409
616659
694267
763665
348789
424030
216546
677434
83661
30883
422568
663590
448215
242831
806742
249767
810574
488461
833384
266945
231098
782644
601982
205907
161373
514678
697101
840407
58072
715375
360754
521155
239341
339286
908243
882722
924930
553383
890064
949663
576617
63585
358954
507725
122956
616071
672679
877374
246008
392185
275286
110870
700813
499553
735249
273939
571727
268281
87857
50308
287895
253828
116462
871237
355029
5071
266373
36646
81184
926798
515232
346358
426823
441207
772024
631705
87562
203834
74876
175186
617203
263775
109526
97723
502463
513361
777866
804926
446301
943353
502874
565139
243894
130036
28007
829456
969570
74747
183079
929853
743517
685257
164788
481577
885282
876567
548481
20451
253698
435802
160141
258591
455292
580671
393694
243585
338054
331738
127486
599271
483030
664333
700409
787589
122169
855029
191247
305429
367489
29194
377889
81577
784801
919418
304675
420325
970950
231073
239500
951031
134165
152999
871326
860347
60592
212271
860450
239230
173911
437426
795879
321620
408397
286383
274330
810767
905253
741673
398756
370324
584980
14049
243218
337680
378609
910674
57028
338456
646764
796298
913703
42162
40363
566644
632119
781784
207937
777298
399360
750355
898187
556939
639863
962890
313551
949205
497
741129
392453
869365
455449
30890
480525
13235
526899
73589
489856
113702
210889
766162
411560
468806
758739
804310
107204
324338
820144
36084
471495
891990
401678
529504
717985
247785
129539
922563
867719
227938
537476
920219
507953
815797
464108
602164
294467
248971
974643
418478
847997
34749
114135
471194
577871
593920
865990
477574
788968
502311
716346
600816
472202
782000
317423
893584
617332
831917
281689
752273
846147
42381
273192
216001
85822
322771
539124
754480
647076
452566
965423
360840
235158
936679
158453
807084
932253
785343
578173
953426
327750
114096
86918
244641
638659
244064
72093
51652
544258
47922
137165
119104
461871
740375
22122
119181
470643
849116
430740
8644
193059
370653
34394
575787
344442
854683
371844
30965
518555
686480
727418
898181
666691
490814
578393
891926
291216
852011
999055
341705
211282
472113
863330
165349
603348
487888
213847
823165
254215
995700
732684
281623
673397
96754
757133
80450
932016
336072
231123
405491
582981
630718
32027
136781
383715
969697
213486
243133
670381
580759
272021
404373
619212
701520
734336
913640
154045
399557
25709
382385
716822
443677
61708
509579
444429
370837
164276
336883
834278
606101
730886
103443
409352
137401
839880
817273
805741
374431
829725
565534
204365
664066
832096
225697
726992
445251
336032
918712
55974
116837
939684
134655
230974
12445
485556
131782
898208
546756
847414
397691
517210
60711
575968
484797
939764
297426
186952
503091
142590
116656
648721
872852
946869
779060
682239
428932
922953
119981
155830
465730
492347
921212
544914
835697
915579
823091
971665
730921
658071
423002
165591
546643
507629
486868
360823
577353
541456
977025
569632
890302
60008
62148
500163
759008
758157
880616
915780
507142
982248
601353
74098
876318
110167
215432
239070
621145
690817
823407
592666
949870
280539
177650
1889
680150
23696
523493
732857
692974
900811
411730
714393
894405
493202
586185
846305
827154
946496
278483
413269
549045
631735
842198
490288
245731
201780
757092
300218
888137
741143
322520
397617
283939
270095
646916
744265
841515
850598
899438
391442
277867
252602
766563
471650
19509
138785
210006
309346
898094
245730
71745
389000
331143
123966
619862
105931
889267
529795
220993
441945
296545
751682
433948
485607
545246
147878
124236
226153
105155
49886
457678
909746
194892
994852
612792
215746
616328
1363
132439
628290
78873
694196
878573
54437
20060
990050
285100
830290
354268
161161
678978
546342
961822
995954
567876
500939
80934
11289
316576
522658
140087
774413
945188
990594
975758
440221
58310
259986
554971
453933
654197
730643
315243
705135
604566
442610
685502
92902
766964
474411
789554
995969
982787
189070
818107
594278
235853
331651
760278
396911
198234
34023
10883
833007
27714
779016
983548
949349
330956
13293
461048
273507
908760
798211
98796
138668
103492
374630
724
280894
772299
233454
209497
777123
150759
316509
869194
968915
271954
231116
847530
880103
869807
986739
989977
465749
310056
592619
917794
491009
475702
994209
321297
423744
657880
353533
234402
496492
46665
490531
965440
133266
440117
773744
722460
199740
292350
314014
306262
99633
719271
173548
646103
706954
547834
628458
915386
829309
409879
338875
627288
244491
397054
505697
844010
595619
212968
26597
306854
229791
701801
333668
927082
989502
186857
35912
270843
801605
47860
437562
68670
544800
752479
387237
577235
922844
17617
208481
11357
646121
2524
318486
499314
639073
482452
996158
138071
542372
213832
807681
167752
727619
767905
718396
443477
516372
335504
451147
58428
886006
763919
765556
375814
510367
34771
63020
247114
679641
63269
238050
46705
267792
440332
771139
992038
189682
368688
206879
648633
414425
498194
879226
376474
143178
19159
893316
237642
647567
148006
656744
384008
960530
4642
968270
720752
829866
820334
845337
88197
421400
605753
202718
967462
611629
205144
371743
268053
760139
561420
705062
241266
575876
571491
385509
783201
333812
392716
948244
408954
449505
907691
589403
163242
831835
751257
515585
368875
833146
728926
55899
696288
417882
862431
588419
453102
966755
792964
713444
461612
270393
616022
588139
820965
233112
790656
984313
579659
704917
729669
495566
79302
851081
892559
203637
9706
158433
696485
535626
811997
884252
600345
952171
144642
632561
640324
553538
679120
69235
423085
992252
931214
272689
154143
168265
890970
757717
550063
186415
189691
670042
376182
234481
856234
873447
52965
263256
794083
265905
217599
696104
938876
373493
80121
728711
865121
404727
273866
994656
453378
549215
482350
774063
15428
99929
180790
207061
913804
555243
724455
188295
789788
774747
351107
857771
638190
417191
259994
66179
782645
885913
934157
776824
787861
978719
944633
693790
216968
63523
32733
167195
980630
418467
169988
623365
681739
227171
297771
678934
590713
764807
823257
722365
131442
191082
127987
678652
3782
952329
612425
854774
562073
142682
787310
982017
796787
133250
679130
728250
96457
757838
414329
207811
121354
877634
503627
188458
108724
118654
614686
917595
54062
523561
441074
725311
290380
681660
877515
106232
23513
117749
349987
658904
46135
862726
617391
458551
525952
559829
242923
769432
596147
349780
120563
339724
960780
633377
892270
143723
651058
127483
466949
76859
873849
325036
160343
491014
525815
334028
92466
493559
438490
502047
169129
817142
109941
639642
435418
712465
362473
269147
719684
412045
956448
249733
496104
824753
238745
653440
115058
405452
357641
890521
150877
370981
384836
754869
48144
86260
617975
288213
429163
741020
444134
988145
309761
966747
427745
107729
670876
158689
820934
961522
483288
984267
906778
409360
718467
484070
889579
688454
249993
350360
849233
225060
723896
130565
606190
398576
946045
610263
862430
504497
744336
640030
375548
102657
73943
934914
330017
343672
319298
37231
136864
330522
865779
202215
103878
455959
759502
420838
377174
254087
196821
564184
912089
670896
585857
164146
220887
593709
64658
332693
707902
74818
502197
554356
570477
109080
893830
377541
724519
318596
76917
887584
564315
107616
368585
881686
560658
158090
419894
18666
900686
254469
292238
370955
591865
503326
735887
234198
333112
84760
830884
402571
776356
759080
745373
232444
270774
58380
456988
318313
74733
609092
511500
673101
412725
897373
449895
329778
555317
884992
987932
774912
90129
229472
126483
257595
712241
5160
1737
803344
8075
809770
394020
787903
715927
884512
151633
952288
431423
368549
694111
89711
776534
459054
748729
138701
538848
279410
263000
535669
267888
670175
609880
999
899122
829326
9416
215862
552096
171431
326535
8215
972004
413593
337073
374338
955065
100710
114462
404112
314532
878255
625468
45303
29179
221592
995446
907010
169642
250074
940311
465662
316984
718585
263918
727542
852199
415643
547841
108610
340829
619816
111720
235022
550892
951334
68589
288118
446838
869731
180410
878852
273141
747968
296805
371231
496959
518724
787274
937132
885147
57411
678736
581651
645509
559595
361282
323965
684013
842416
648083
516102
401743
42661
879493
641998
529884
796942
589106
265947
864610
498527
470224
462518
611612
40613
802854
20855
16622
898416
106929
871813
157648
416187
352747
797731
321628
333723
185000
36587
766968
588968
978020
566177
167523
645044
813029
262108
58558
989162
829601
151184
40638
629708
242111
714367
963046
514609
6874
288297
23908
169374
333743
292757
815725
971929
8811
671122
781795
231852
89730
995376
542625
723171
342318
943981
736662
256246
58006
938497
878836
650187
966787
223045
360600
416550
640623
864199
839649
62476
130925
544582
87444
106397
206282
282350
929451
470834
102969
835027
658750
821050
747282
606902
543256
900360
643494
847791
475062
584673
987829
969973
56619
445797
378174
829572
600800
778084
750702
548986
448014
601571
114770
117496
209527
261162
163587
413661
150402
279515
845758
963817
318429
681950
527009
678816
955766
949088
203824
577103
217345
476921
172963
936261
344154
201484
422638
832296
195843
598725
146211
147468
675551
192003
766671
56437
263927
270431
100383
567797
692761
579002
288340
943470
623605
748236
838524
431977
766942
167517
486507
188350
550603
154641
413428
699907
354259
281343
849007
207610
54208
302683
224804
752420
953761
867986
550323
809728
944644
119412
802440
740403
755378
613759
822564
202268
192150
26077
395939
858883
886139
857114
872000
938614
138981
749321
861012
103961
894882
807997
444069
108586
747184
970195
116943
785340
594364
322402
485371
951678
680430
767
171634
941985
602499
425121
180067
453626
705145
209758
660105
552362
361146
696091
462231
710505
717052
220252
397838
201760
824181
656798
936970
483618
808689
638618
67985
127347
401751
600523
220245
17615
770847
166251
978805
900826
431555
905595
673156
965984
793096
29748
230470
869559
981880
991755
729036
465941
849249
497795
329828
93334
252597
435893
691980
205094
55427
457268
67340
305011
11889
437597
684305
32358
585410
284765
276231
830860
731482
917709
385850
511714
625088
322370
442005
837247
181670
725638
179721
212590
350557
764330
219308
149947
956008
863381
708554
600544
381056
803865
624885
729701
292161
452520
848435
908513
289663
664147
925039
323994
942870
97896
584647
859369
712488
721463
273354
114055
28771
367051
801101
736347
515821
588829
905837
998321
822720
448595
653707
35046
733096
927224
263325
347466
469761
255171
239008
245206
482599
756247
421280
44474
350017
683730
826980
448556
304303
909011
807021
722246
454450
827276
710352
311649
294900
970350
688508
732562
587403
853321
667946
114155
420512
135649
815137
860991
643597
310572
14364
472863
801775
91712
538566
197849
29623
869550
483339
753048
923909
854553
689841
335701
671581
960862
805140
929699
832524
903071
310330
250896
424814
762098
683137
381069
676896
870166
468114
729403
304629
138187
761631
764915
323227
261340
182019
38599
349220
254803
895289
433496
900797
648972
946660
168799
669130
91119
385293
726587
71444
86788
674504
893949
504812
176764
38507
391481
151312
860203
353207
596751
474898
389976
927204
538601
248519
978877
186692
620554
439793
669556
96082
232842
112486
147831
784732
112923
975097
290878
368398
515658
360234
32335
879555
859776
21602
258014
970418
8852
377997
166495
877604
517649
851402
258311
456133
436599
85720
260316
581547
386267
279740
247159
256029
983433
567092
306156
686666
21767
61775
464387
612518
456286
930956
491377
4418
740486
723541
910082
454959
408937
307636
734964
840121
810611
160378
18015
812028
622489
939034
602270
612695
667292
892365
562834
980774
130274
246792
788729
861132
193248
76918
160613
301040
524259
577899
641821
85683
812443
280816
855216
181078
415002
520173
265475
97608
52167
534068
767262
571961
980799
829601
816621
906801
24830
789163
802311
320210
285651
147991
797978
285355
151401
254331
550318
417009
995459
154211
815083
831445
868251
709448
348553
484540
318719
696051
427264
78464
392370
57348
674531
867762
807147
757646
410344
327205
635306
673591
674259
253398
712280
798982
782988
862185
420669
433563
430066
837062
592385
961907
435002
492926
595010
723928
242901
301939
230228
279299
51955
236261
685350
342376
255551
603935
20795
445875
14611
928059
130558
152244
785899
352948
361600
686497
112797
470178
840148
259375
694921
703813
694992
436434
984854
127783
339811
623580
439159
931835
975435
279845
170507
537787
796530
862400
390979
265682
380608
821736
535854
936687
462480
945455
142248
547789
23540
120474
390185
681722
140839
780735
81857
927194
110143
502005
254418
954552
970539
796629
432655
210265
709120
635509
445422
908983
648527
630924
383307
950568
220667
762690
761969
243747
825159
801995
85498
417063
65281
482406
513626
604481
251655
423485
187816
983992
276343
604149
632802
69882
567074
215835
541466
514537
900730
564781
825475
67826
256515
672800
305874
344321
284123
732290
46235
379204
220442
416351
713698
527376
731435
728763
660125
695278
554572
45038
859757
955436
703297
674626
197261
891037
778451
996914
882146
615555
986654
353878
853029
145052
921306
907921
552709
871139
954355
884616
776554
387915
911934
268559
628323
223699
66166
640746
707444
512054
527974
66958
110379
5058
654715
890399
175497
435344
592632
601573
298879
701479
211334
436251
937131
382122
735
343827
920381
866126
473143
533416
254095
8529
318685
381822
940684
585685
806704
202906
532568
180065
911804
734606
225117
601624
317158
76588
98515
843398
483907
301352
33433
591971
168708
301648
4782
956570
841756
360639
376127
931610
774808
683026
738590
270741
530005
630962
148298
488573
633226
429422
987824
119307
834581
83861
577927
322137
708068
110491
506215
834764
655068
232013
493258
839885
972432
413108
668359
268377
286938
624319
369485
199165
372259
398599
420697
645776
530630
336090
992665
994779
699936
707094
22554
446268
228366
182685
70826
245847
400675
807548
230554
609362
49418
788562
447171
419900
138019
27098
70490
795569
120520
905616
737684
494570
677339
957990
997645
597736
299043
442567
797126
950007
317077
117856
212184
504806
906237
899993
963136
14980
986467
121429
969005
594790
803398
363970
964166
273033
908749
105406
310407
160430
647455
96041
550834
432778
344723
956367
68467
658757
801185
874627
363582
374236
652716
945992
859023
404579
933175
368324
385025
977062
76842
577445
5178
318004
212825
373724
980489
615861
549259
295526
65005
143862
823838
679328
712290
127585
323354
423555
880143
638906
891361
204794
587608
776904
86346
364884
828434
484124
459984
937199
944081
726079
597545
989108
859431
682747
481377
735948
447171
534665
663642
416219
744394
707964
770974
871837
553504
968275
552477
470072
289608
451681
487095
281167
506525
486674
634169
414367
248272
692718
103679
219016
197371
508186
861316
223122
168791
630925
605274
136058
317181
114387
832244
897451
795621
170260
676118
673439
955235
448692
158685
814411
988429
692836
725207
372889
578872
430835
298401
197283
7059
977038
492392
393123
727455
727218
200488
505978
220204
777382
308922
208257
546702
870855
844307
994860
143042
382354
291556
242086
211492
677352
856103
131788
628268
122046
181412
725449
326145
779363
498975
764683
704098
722393
762997
251637
426341
365072
628105
12929
714242
342673
857471
802722
464105
613372
489097
650713
383413
981238
806624
943204
821422
303362
280909
69283
939953
386353
653226
478980
741527
880925
122334
227958
284379
971698
289124
660118
943891
584595
559080
534218
244576
372715
426483
470655
120696
367679
419058
80011
502311
77184
746741
766880
650036
53920
9363
448530
910124
611678
955796
393377
108076
540883
300602
86660
311002
105164
504433
118212
216692
377906
481145
431216
110000
617275
870238
495529
916140
285050
746955
558207
390348
714741
939718
505510
295736
26057
511289
359761
420690
357030
966213
94177
73907
588060
535271
61203
235047
754769
84953
648058
976896
198905
84577
183898
44026
532390
336964
286366
434727
738254
468802
397420
928626
665382
938878
572910
391014
879222
813666
390293
339782
79075
842565
144330
692503
909122
971819
850559
716206
474046
193324
311394
842790
534939
721992
327220
683683
800928
88655
453815
42123
369322
163382
979303
519807
565718
856450
629496
677892
759235
466653
252537
138722
528994
133172
736834
659579
445545
167809
477116
871618
135302
86043
214733
358080
195887
111971
621403
873964
33669
752810
762144
455063
707705
872609
86275
843818
627741
693688
889164
528830
810383
765272
410776
292137
984519
635309
804363
388324
417469
943111
122199
269607
688593
118929
721577
933523
745934
741705
354015
998559
147098
462291
623440
51817
768213
223418
186799
269253
491832
756301
752582
196617
558582
548925
541320
703454
739448
485008
20972
724264
424346
931834
779449
604705
102106
934111
131339
400872
618003
227295
634491
131147
358144
540633
805006
93334
477857
467493
432841
927347
759573
859402
796161
165460
879696
588930
906529
538782
311258
640782
695134
754464
462405
52225
831865
412691
169670
367061
21321
197510
648148
111588
724432
427056
128612
998299
514728
466815
824780
914563
688992
327155
300768
281808
934355
273354
218800
412462
206104
249207
972024
420780
918231
365176
85253
809991
915582
507942
800022
650879
51856
579818
41136
948545
869395
25431
162653
633986
972150
724284
154141
385771
443133
849364
417523
793410
94407
240985
309212
593729
508230
128972
700913
498181
555821
736029
590133
407604
195236
399189
771684
283721
462219
144614
645571
792633
984409
471417
183067
564539
151815
555036
851026
149107
110010
717949
538079
886761
958156
66219
928535
210615
21133
991899
561045
892781
107973
585405
673339
931299
669082
145226
861751
707766
968005
671490
998847
800491
146426
962847
695257
831621
160829
773993
539716
177485
615838
67120
446405
585759
507144
94865
300396
766129
728942
761558
829432
508973
359087
636386
719382
443455
694721
611337
974424
54693
693436
781601
984991
995452
63251
399045
294203
776162
790018
479032
944383
249092
897892
742230
980830
254276
621026
112348
326318
83215
358103
920344
988101
753850
770624
950228
477973
508421
177673
163001
771290
730290
900170
86021
645391
523069
168364
822101
470732
730970
51379
477095
201467
769926
427990
154012
86429
142291
210311
403181
870502
624131
37256
988109
118437
257018
32742
617631
152082
502737
439913
748599
170167
747155
2826
622275
301393
75941
742710
888917
968485
704787
910546
327983
739685
436484
463059
317529
544158
507617
229425
251760
334520
334091
213642
411017
584819
535416
262191
244473
188690
64400
188537
837728
426920
21242
508310
839805
852379
102672
97921
849220
323682
703940
259790
834204
694036
194612
958530
901162
996104
422112
837854
64382
545542
487611
802816
712868
772922
684925
405632
253409
747910
243697
56535
137035
582252
730707
706190
303954
745534
286171
148481
630413
34536
440435
198634
417874
721999
788947
508609
210034
927292
162205
188635
719841
309193
831721
648132
205681
243433
264515
307024
448802
237767
161580
340467
272638
667973
408585
569300
987459
742968
992962
129891
105878
936649
760063
981572
51813
13183
385094
406148
472372
783114
793824
745416
931354
741066
627983
82799
338761
19180
698890
145197
508882
575253
896240
913612
622350
836555
686085
630832
463079
334268
860810
274423
860993
614783
318407
477446
187368
684541
869854
29217
111597
869386
600829
722521
892153
294345
239641
54198
687355
856626
584833
838813
463864
522885
139720
523901
750920
105913
591165
338694
686678
72279
380118
499627
537410
688509
570398
513361
115190
390585
935018
347854
524048
47171
957468
633758
478261
939278
672814
706662
41701
960622
133154
126445
535692
260148
932650
132843
894278
797423
679384
589499
981590
164680
642153
311693
868082
460336
938128
981713
124512
851560
171564
565653
576764
210600
487185
686372
603380
910425
124492
864845
525258
828860
770062
754159
306018
674493
427929
31892
689984
32688
589277
894270
706824
25347
734253
112362
539579
334746
120858
889419
492852
958635
995430
462068
436636
232360
266590
18396
55079
906187
899570
835469
262065
695790
119125
387034
488896
179653
272738
186801
830510
311001
910283
995692
821830
456979
459221
912482
812397
180494
438156
890816
2429
788256
986533
329127
254247
801356
388392
892928
61038
614337
736010
341112
763872
880818
931841
2905
523666
394813
899683
250023
532548
772876
19254
274577
385204
769758
839983
915932
432862
660362
681996
663199
750081
790402
68266
111559
146467
552401
938890
111146
259530
600550
209669
465419
859962
775899
661435
679178
161339
336511
449424
951918
859973
803067
422736
485128
376515
276429
480959
636873
11475
885185
505843
675000
472504
607968
460982
235092
664386
628647
45504
47873
886208
70539
616976
626975
399021
751935
598589
103770
831476
784912
191125
879985
450989
419053
88494
294669
918258
201596
725546
472192
14245
324224
721627
10968
891577
641993
571672
979449
662990
854207
269194
834832
334461
938115
456516
940058
469234
848581
414619
375523
667729
170761
26843
363482
720294
908510
315044
72071
790340
787353
983755
548318
873194
952020
205277
186030
120868
647069
867593
249196
307428
206347
868940
115774
741064
114853
980110
589993
564473
558495
203288
714339
788171
767358
302586
466627
807722
305739
437595
400642
432630
770948
277539
297249
470150
624447
799137
932440
863992
771276
968561
172082
358988
3892
708930
230480
117348
439440
945811
190332
473589
148688
531419
172689
504965
190466
714688
141789
324800
393993
473330
644122
228402
407100
143070
519500
417225
336083
465110
464283
482190
549303
946629
984671
386518
984101
729893
196171
836364
459384
86282
520209
951633
531808
611050
957343
16756
856746
950893
411343
38280
586631
292347
155666
332728
425810
771396
863286
166506
836399
870824
379495
474409
191868
81782
324390
923909
85662
655483
693357
268545
794665
93741
524831
334368
813726
316096
393721
605074
974945
919920
734516
302802
749536
442565
386270
990990
812642
6604
765297
647154
302114
790692
626534
171637
520367
976958
1336
54602
870694
298982
467320
608911
559911
324551
859138
269549
932840
524481
29126
406540
863801
972758
473890
654269
838013
480128
992904
612829
492455
160390
514097
43046
249191
557112
591880
350363
881190
81193
576351
267899
367314
525464
299126
947747
463228
244025
671049
595846
403772
138025
64758
685584
353054
154278
774729
857014
166325
493143
278477
71302
229482
503438
95828
873605
140980
162881
701335
370837
474764
375493
714238
95537
535211
628311
662011
541954
235136
71855
927474
563176
235426
120989
362233
533546
473182
890817
960928
679155
398319
323555
857392
941805
112575
640002
442744
10296
96974
815461
213055
60630
938143
728575
332777
727857
582488
103509
239478
64007
737223
802032
937595
470947
182730
402771
617929
164456
862148
889369
685035
27270
786115
731602
464949
609071
966192
685450
669
460648
514416
457760
894963
238262
206633
307441
200850
625960
85001
134583
412175
141216
116794
187177
299076
490228
293085
945084
388975
396446
381986
553114
206997
337882
277451
87607
442073
240670
487985
590535
38211
78595
368663
66300
60836
677796
828274
993690
858400
988729
56492
467609
861459
947043
720509
764836
147690
945752
48267
734045
940422
274177
485214
243134
281813
709993
205620
88033
292060
870087
282826
238867
189521
615869
609834
945461
776730
348703
265735
391270
684162
763767
73062
178807
11435
502940
51244
102641
350151
698336
723313
798566
451096
739180
89103
541847
72421
105337
441371
444796
649547
579426
851726
305820
236004
447428
83610
593391
801000
963959
664500
686798
146250
408636
702799
766610
175628
875038
178254
467489
789931
109175
934247
620380
798015
797915
712544
827840
664072
762993
646221
875111
509278
583225
876438
496662
239715
51410
525900
27023
298294
587777
160212
562356
396574
977690
323603
732537
326436
626802
571542
862247
8127
229214
179388
985361
724469
458473
891375
381470
920117
716709
973866
298758
40830
479241
319513
145646
659877
539063
391785
693614
952016
448028
447777
248519
313367
834474
987982
654686
948099
572395
255884
436811
944228
392749
977228
49869
182126
772755
964513
647789
508968
205444
107099
591455
379025
478898
38407
62623
347698
212694
437712
85699
691122
370224
307523
193702
358741
565597
807545
452186
361784
275178
739056
453143
483607
594782
658043
149208
243650
915211
385324
129147
752628
406266
964149
164744
343667
892737
629287
284878
745756
335267
770888
391829
763950
509372
18334
198227
590096
112550
967406
806963
416808
987912
461580
544753
252837
291100
538720
232564
361629
769809
920612
949914
266545
665681
780998
520858
352924
336460
668456
933231
697109
482366
928809
562936
527221
100844
550808
459022
10902
392548
783858
637951
552065
364067
789623
436584
223458
764857
756204
64129
469825
595533
990590
23207
449003
19685
922724
740820
51910
891519
731327
846957
492556
135808
159450
761701
8558
466760
368181
950168
842320
134801
981225
25748
509551
345495
351324
257573
815304
746658
432511
649589
891319
910152
394782
838482
368960
988788
643607
492912
491827
370233
13327
443895
434918
219936
172045
65967
935804
921161
755214
384847
472468
509187
215138
522485
279310
430162
732765
519487
763201
544616
55680
748584
619199
540998
575860
598061
441017
618329
671385
853812
519694
596968
181309
590490
476596
363710
389101
564250
313655
632957
147463
276257
503790
193233
582732
871439
387050
273377
992444
921278
873294
66544
517610
304073
188571
923861
852794
868021
716403
300379
504842
712168
259334
95486
513056
65655
2840
676957
353249
660873
295293
271344
477123
15562
503933
549912
641044
777091
526518
526839
911080
530983
163236
572403
324559
631631
326179
450649
308526
585651
893300
257634
42853
861383
632040
189327
635126
915059
681688
712477
307832
181534
222605
442567
377488
175916
785395
248313
163198
999788
229281
925439
996521
916167
432130
930914
796196
356263
701176
135113
112795
622009
974226
676601
516892
514279
609751
688446
2258
665709
202453
237609
947865
405199
117633
81180
981299
563594
912371
858644
664325
96600
48098
151373
155609
85036
530381
903947
618536
578554
689799
146985
100461
653610
280591
454428
331630
700767
2863
52126
336777
80561
835551
55238
526297
453895
79713
58876
486543
561236
293218
74401
484059
234478
512051
975516
472604
136325
889879
417978
446135
770522
623128
404372
50320
530714
29572
129875
621620
148026
318256
510270
778093
317871
63897
179835
366017
596463
212407
173216
799523
879104
602424
673663
457264
785753
514627
64315
55889
44674
257536
859289
64884
213457
656218
789314
370168
779051
56453
63933
237376
223092
253457
470492
251585
442696
10143
979106
828962
176480
794715
970254
205296
111580
578958
263953
406792
980531
752860
279562
295791
909139
862741
27330
715350
705494
166994
207138
329329
148315
399045
287554
764227
378795
914550
638956
695917
661310
249828
972829
480092
118333
585385
864834
183910
749668
908754
357021
937086
825547
40827
978708
48549
979142
780136
370062
377318
507392
154525
43602
96451
334336
456008
223131
520018
235672
249547
842851
765519
325138
810846
653593
591613
596147
974556
367317
47189
925098
795618
151947
682203
856372
435619
71628
536277
357281
350639
14424
796072
535259
582665
228890
883989
974167
153317
115751
44499
131007
941886
374219
309225
858318
694789
379691
267856
93378
695059
418969
841667
632136
806972
858903
63553
862798
875964
959097
69684
439345
963448
397661
343189
759858
428551
270921
411844
46387
252039
585920
429687
90889
745466
501170
345418
806992
317129
250970
318290
55327
469092
812928
944261
837151
816831
538406
875566
946355
984948
649171
702593
332292
724522
976761
308840
655995
606914
982170
914824
792927
989979
834397
954059
381502
107534
626389
186860
542658
347044
776959
204272
244013
90347
641788
209454
527421
773000
900801
267033
753829
930965
20086
786864
692673
66290
935137
560115
977667
562005
838281
859736
599558
830850
377684
549436
848066
113414
489356
461611
902073
190749
919578
458610
834338
265639
252520
727308
458439
284685
461887
647766
157624
588156
725740
175845
458354
285911
306343
117479
547344
698524
444882
32841
713659
444028
139856
276162
402041
434185
595324
882065
422129
246349
329206
209773
298531
113755
843476
422633
166202
54887
589503
433598
166959
53350
794734
511128
859234
593636
695836
364303
161830
103818
11296
955292
796585
147497
610503
202998
163832
915200
613211
67188
918971
374170
83450
94764
745602
488133
404540
318588
202888
914303
895417
455909
415612
226324
770670
394053
511766
323926
466355
269327
628703
897009
299741
675434
11027
68848
610700
666624
150405
71015
742166
280952
695758
696568
920373
755417
498691
850136
299137
45138
460414
257452
757084
75605
733983
44898
882195
210120
57802
484077
427814
493024
573050
715829
424959
37954
363812
805380
768773
17323
490839
640762
479507
888140
357159
481972
611683
136036
476583
704962
747765
536951
271505
625281
141252
841235
917397
290683
166792
262163
180052
974879
964256
574305
929337
890716
215477
667251
622911
778699
774835
203036
484998
556082
176635
857575
691434
240455
734391
131657
365022
625823
235867
643578
393072
571819
961666
707971
341455
310665
203992
983265
537261
523311
599616
537855
636591
58914
737545
610018
926553
187253
483890
985929
793655
389265
778107
255674
772623
190766
811480
744491
207472
305878
246752
180364
70042
699896
847348
735478
565182
637133
596636
459887
794896
57370
12034
601681
190363
790934
202230
612630
919912
933204
975717
869044
846380
444895
392398
623366
599469
815805
281657
269346
558901
88236
47544
130484
530146
185988
189164
232264
457804
104635
725631
488883
317117
954471
928145
221189
469224
963026
839621
765194
303532
794515
160288
18131
39556
627686
987579
149899
120503
3077
726316
72323
383093
504379
861185
731020
950099
404642
657650
456523
721974
723185
558690
923406
77982
298818
444316
444904
916643
515145
874737
913805
73210
246645
888095
443905
940097
777268
303283
244254
609020
497859
503916
493537
335188
507250
80035
666488
611278
232654
513856
626705
322
738200
897815
634006
783138
512443
416618
932351
357327
688079
497141
484055
830620
132668
204089
279304
182902
348712
201249
755468
78664
361305
216624
602143
801280
279414
51472
415949
749495
417509
269495
425958
922923
749339
261388
162510
139231
546447
888046
750676
14011
431517
391976
602992
960125
226565
975186
154476
699080
513751
41648
629359
452155
800726
968445
672412
566457
516245
548825
497570
264589
337320
912875
845370
332929
474433
821001
101325
144872
711248
131795
739259
201789
565739
833602
949755
749285
467283
960063
184423
887303
375742
915191
269714
326888
5279
863132
236257
573807
344729
350437
739464
381802
341851
390477
392620
862020
520561
467760
237047
11508
95395
407181
839559
254177
283793
825947
716902
827664
449221
855934
488493
722098
384452
102253
185280
580965
618727
146835
989833
617812
563101
392060
91768
892600
901692
103742
799040
121254
818224
193898
509892
459730
292683
187677
710112
849587
539495
483594
892917
298482
774992
270108
267348
553234
469302
542310
33114
576518
403379
686906
371642
817417
385770
734627
815678
657465
883632
884710
285741
389498
277370
888684
692783
821191
395108
528383
514916
438900
199084
816361
621556
202987
502612
980458
110124
391734
74174
596108
169564
863729
808292
3445
119273
757830
389541
163084
794537
587941
359805
128778
94497
372308
337755
123250
795535
632626
988095
434455
761531
446855
846003
698793
508538
649352
934154
209930
792923
571067
421830
284592
642259
517337
618271
909083
326393
936227
863014
636308
431246
478243
768074
719006
228708
743775
78934
630783
176822
412173
704422
660420
458880
655288
621975
913398
171771
279878
696880
415873
419553
701253
813827
318789
236174
38309
451403
379070
226802
316074
730766
747486
360515
844494
793368
729678
223068
796647
828274
115757
886764
134622
54913
120968
420013
363361
234160
533507
612261
307938
808190
705095
504657
33260
446202
297410
900714
911779
752837
49562
777648
809311
86202
955281
792054
850073
28718
769858
72979
394691
391735
436123
929561
764752
678476
643438
25653
769957
430448
117178
876728
445297
562652
201
282131
837157
860327
97557
686143
612112
873613
220358
27724
518624
711699
234472
514075
547709
600879
30346
623656
904998
897376
471496
907430
296275
578924
862124
668620
166982
624439
731864
284405
383155
268639
614292
269343
115099
883303
938599
600601
970474
814361
680181
842693
516150
586610
552993
260029
125741
400106
799415
985046
520524
1589
428492
346232
236004
790406
49110
119613
374912
853381
913788
554858
969945
495422
484511
42299
316554
627067
77029
484010
780257
611051
672944
542723
75761
389703
829090
395162
179532
262670
267435
693448
248223
334773
126053
643231
11811
20019
281585
815437
224684
136181
795940
359189
800549
308587
384637
979919
966067
393242
302791
141037
369327
726665
135984
105724
131466
148563
531444
304716
330110
350187
615420
937595
536689
770406
409732
919011
134534
559449
831915
65916
644450
306145
314494
499125
809761
205697
248156
437661
74265
713967
443227
336579
28203
28471
252767
461280
175865
591394
737629
587725
888271
137275
126160
50985
387383
668001
281451
17102
64855
839634
210399
612869
617427
640919
693706
157433
456724
596229
937901
418731
706610
784589
519434
375755
82180
4103
19895
796378
54345
324913
490835
194178
296614
998671
609798
140534
972634
564300
906335
106129
196604
332749
126600
680731
844171
639757
993111
253250
95782
690312
840919
786446
888145
117450
472741
780548
939507
893675
440043
693303
710471
997040
938455
986192
879825
675488
218932
659991
424422
92085
294099
948531
867117
300889
848024
882056
944448
270745
202248
369085
974565
577775
477655
682291
833490
618336
785075
283592
181583
611707
41343
108239
41519
919407
251364
369750
580099
68619
866748
401653
265170
953018
367664
829732
854088
419420
814417
869761
132759
364570
398305
509763
248880
797651
926882
33788
808065
158165
270806
138922
793707
399023
616914
58060
606192
529357
791097
698389
750641
674313
241327
862992
421534
694545
231205
578721
297951
305464
336565
259236
986132
720119
779737
555201
966407
278430
738539
365479
544729
387111
607219
55074
676032
204831
945852
169909
146802
677803
881344
892514
656162
25557
910960
589101
597686
292658
413098
605356
819746
890611
71567
500037
424754
667445
375858
114532
372905
888110
455540
956435
944109
590155
447754
140512
74583
714998
692674
85686
425151
615622
586386
347566
356560
334431
925551
418631
302259
758697
461205
796464
680084
772416
209952
904155
163146
981849
917890
354577
668703
903294
771992
173059
447863
912473
236157
124368
415606
147165
664268
150707
794019
76756
487753
552029
875993
314252
693637
272024
47248
929968
127170
987998
905094
83818
660227
398982
535490
912550
477968
841649
188385
321990
822626
921413
683487
930829
665005
104234
401613
766272
50651
893812
239214
123843
973467
13061
739567
568488
735612
557816
934545
295615
561888
415268
635352
771843
143536
830898
514511
801342
298181
508489
304756
765495
706725
201907
257207
42447
408771
362034
131158
114497
646003
468316
468275
960079
615234
928010
894308
743961
603296
609835
818705
461545
283372
624549
669749
356715
300907
39831
550545
203491
764615
789676
116256
183763
98995
639970
633595
305413
37334
934426
516689
607180
217433
57268
466274
516871
734061
473227
550367
466943
48330
782907
427344
139670
32698
243878
465958
897156
279845
244308
730933
696207
293209
503207
876924
869864
732184
924967
146176
960308
901404
985102
66359
643423
714937
305423
965743
193541
220885
358979
644026
20865
876878
616476
614698
594508
380665
532402
904398
166149
138543
74189
388653
795953
48359
141407
941530
986551
574242
746858
473839
122216
90204
529392
408047
214947
966747
844494
931552
504916
944637
347411
835720
400115
330246
478860
929421
661340
553494
634987
321603
372246
645457
539363
297367
732043
309550
115000
834451
674438
279257
539746
641857
506224
791573
172839
973319
642324
644879
446328
736423
157909
994205
831432
719116
186850
505489
838822
697786
201575
6572
340987
668277
970405
308384
146857
180699
615329
848709
82948
621732
338236
238746
934507
795712
51540
468723
390027
925082
471865
340994
545634
727453
361967
532127
807054
681220
325878
477132
830260
714070
842101
460689
247367
897691
191008
5195
568505
405035
952472
754457
970916
393266
258389
320766
161129
551737
491378
730899
226532
62905
756993
592465
107913
867919
499899
526756
669592
111306
22044
629024
983661
338601
491754
238546
703510
32702
965539
697835
661906
775542
152714
858164
277335
24130
813728
549614
49191
891417
803429
565631
361823
195388
554508
385399
290426
672431
828399
849952
737381
102867
864386
266751
436298
464175
164897
516780
426816
445536
125445
279051
70419
106934
736493
929180
877141
820757
689795
768930
363379
662619
60128
607141
171623
857630
951251
418236
800248
859973
590914
839540
82536
624605
831811
492480
644810
678259
85920
369817
481568
530104
869289
43675
19438
854063
844096
403144
426931
170412
525332
285217
562409
656926
822176
812072
177877
325360
818637
793906
791696
879605
900906
730644
167349
295510
581923
372910
810245
990379
661248
374753
668963
46390
235914
596525
990780
579909
70774
411209
575990
744431
830457
490900
387970
758891
860553
419375
707662
131835
58832
757193
964948
475681
715444
225639
7863
937229
733109
75499
810367
548948
372564
301377
517104
772147
877056
868676
542825
73572
92409
382313
422795
232557
20200
592214
619079
213005
523673
351373
111171
896296
479517
503407
86038
793170
62691
248921
110434
939349
612559
959339
256057
650487
185029
349212
228709
476825
91746
209074
813333
199805
903564
702423
387440
285454
495034
945286
909032
429115
970489
73454
160636
484853
813819
183500
868507
588799
290276
181689
561171
824732
765266
682724
280409
302437
571896
877957
417444
783144
231577
411132
420343
139105
219637
798626
490649
378806
349933
840024
711822
948204
362390
794454
558321
734570
369063
286973
996657
509789
502197
580288
147312
368119
892340
168414
364568
775534
744627
740220
349823
557202
623521
591831
210627
788235
938852
958879
667582
685102
54987
344931
418977
894546
480050
810069
373084
271237
198444
796565
772924
100583
356272
279071
901491
155554
647213
58276
125658
722663
814663
518447
548052
522161
569155
544437
105827
190535
454058
375388
150613
650824
30264
854976
330202
354174
514922
721872
992129
118703
974720
694691
802302
971475
246484
880932
863040
307942
225207
965607
196616
811073
513952
100842
538445
234167
528141
42544
902873
240897
900274
358624
296794
368749
169048
158048
536188
14851
370896
954789
326950
744401
175480
782074
980803
33538
228822
351697
142256
192068
466720
139050
851772
19223
554339
284475
935937
533133
64684
605181
835576
345255
734677
974618
370192
575164
225135
881999
491582
833514
128424
795928
861368
488854
33624
70067
270147
403935
837484
935512
209306
244439
485555
832558
466774
136565
301112
332154
233908
605715
150792
715982
340494
855689
965120
535957
729982
576838
271887
206838
642007
961451
846681
760833
136407
847538
881155
857196
706710
153817
415558
957097
771904
912525
623238
429207
430831
840058
768215
357822
415623
573987
553477
598988
279741
836470
720976
48868
823909
967593
530797
934920
451500
394737
243103
568933
525716
641722
659178
660965
866799
194019
217407
932638
642850
785571
228266
185416
270419
909208
348624
992129
617534
875527
648954
674232
826675
271983
752325
106034
28254
347634
889685
418089
756954
758539
146331
450371
344503
460003
216562
740611
37429
788830
69246
10579
431382
975542
636555
757146
656582
729144
37663
158518
970169
595300
933096
364208
794153
907381
192603
63717
551183
762653
293081
573656
869637
694202
346529
870828
234926
102581
437751
650559
241384
583190
782261
585780
810062
509066
444042
976222
259898
358217
388378
948340
934630
460671
87811
18702
830755
385335
728601
313815
228491
800534
631315
414312
667794
519679
265675
771254
369505
755994
111409
201259
734479
495000
198390
326134
187958
288976
632854
252381
60429
296565
242180
556613
560005
257416
776311
600075
443835
555344
721316
594499
313423
216189
519474
886979
13622
21262
693996
765085
161525
900790
304843
855967
318719
73019
903321
936282
719727
401039
86393
107971
431677
908779
842931
259086
962282
507655
801605
597273
605433
887615
400527
935138
669456
275587
435945
195879
771384
604259
48364
631248
264542
180178
12743
89451
211387
490312
288906
776539
231228
688417
337224
898059
474873
842648
708153
130930
52093
987805
483260
532246
773775
575036
102303
99035
814253
354882
607488
334310
251913
425787
564170
508636
950786
257387
831730
75307
825107
577639
83401
456189
235201
440599
767897
242583
487179
101269
633509
491111
599238
889045
738320
80691
279835
598295
726972
424715
987945
647240
197470
303881
28684
263391
254000
802421
29249
443888
949599
60752
604409
734759
749950
309884
384732
984844
376080
580378
570691
428200
91463
260000
374963
50380
648184
244919
613297
164770
350894
452761
105807
228120
822814
758584
46997
820475
93476
857464
379102
900937
727667
248637
914059
902000
651717
228893
271926
88287
621261
793907
357563
484757
279201
339660
753618
816174
375404
241309
117816
341805
765292
563519
648474
729553
223035
304891
735496
318544
300466
225403
248337
706384
515531
365824
172512
577724
92662
596621
777271
985864
226511
634324
213922
986871
303271
231735
410229
299915
106546
115169
833389
917727
526965
985452
257392
790441
937389
90051
27656
334532
93938
841522
714828
166410
2149
514622
314406
824740
127597
182535
109835
383428
247825
114472
191571
818283
243214
322644
561961
732398
169493
981847
573552
632624
991216
533211
793027
56470
174439
828781
788805
457944
717653
659907
485278
132514
156322
236554
274173
7904
174481
178684
257107
996540
422588
103457
138193
972091
991290
511262
658337
468247
181418
655396
121472
470041
350029
861358
372860
684471
595773
32133
604797
407448
257593
759814
285382
344384
780982
698622
279664
384881
26908
759077
976465
52430
169332
770775
683001
904925
528515
441420
109000
846914
266120
954292
851626
1300
611143
74570
653903
731491
191020
931572
892704
886052
526136
327411
302642
323447
875432
741639
933001
904579
655984
74861
782491
261340
19164
939767
417521
689726
686397
864103
600151
323620
89402
927410
690537
830364
540000
490776
645332
299337
533461
563419
28899
269159
789791
85134
563462
544072
213890
599240
947427
555382
819287
992421
201105
866532
205860
960519
345220
980682
25972
114238
782842
838599
710012
173718
779287
542757
918032
630836
447175
989776
447813
770361
528376
458438
164464
172812
583441
179203
802990
231556
887028
169208
801788
148483
538526
119079
341521
861702
708233
258438
611622
962343
283878
329087
972932
426066
356443
556455
396588
473018
81526
115605
476836
604113
443206
928666
912000
962537
229990
29842
822647
994875
149589
674685
851606
648717
284836
643754
440236
351742
237040
636294
811213
694871
412074
881230
833344
817725
812331
985161
352970
537844
32174
10855
781418
600876
71814
245712
960044
540993
13847
88713
913644
361409
977168
429961
760283
609600
840650
167782
170544
396670
932504
783540
109982
211545
182325
438340
976517
513096
268296
159794
157008
109889
919304
722836
282528
501628
747653
531532
37543
631483
171644
899554
135654
18677
147818
655627
102106
187668
355615
665847
972179
177496
328398
932477
34537
943265
317816
37875
527836
921826
144366
869967
242667
525202
895386
64409
393429
959881
382369
556146
631953
84053
392463
162080
252758
414954
96852
195183
233849
303724
919035
85777
896092
105970
355141
932746
589789
481275
689153
640160
884324
519370
469631
491211
145947
342036
183059
434651
592469
434545
235981
334279
418758
35420
185501
475789
686849
786921
758766
681380
808921
915811
690952
888348
575530
722856
540922
211996
146363
735083
465318
285883
72291
225157
666573
747031
218517
31809
5827
325222
308511
949854
709614
851141
438082
323148
765786
387087
904668
396368
576046
903790
285893
40006
664172
542795
583564
789192
991250
897474
405666
706859
412792
391815
129397
617982
389939
430540
544892
26442
516795
345522
745813
837797
479056
858893
784203
838425
675559
258176
82579
473975
878494
889428
511751
68761
976769
846536
360540
697165
699927
833010
976418
832896
272537
203662
680250
915689
568502
955950
98859
789882
829522
906295
114098
620886
438788
164644
51698
830641
297396
508903
281156
669343
118366
847617
57795
818883
624553
19968
618230
535511
667654
578088
835822
489450
979400
660207
232594
383339
441949
30987
585301
242165
269945
912307
360671
190739
318337
581058
202653
912341
603047
249841
217178
876259
65003
964344
974217
471877
483102
509403
672009
689991
717666
138607
208493
52924
581556
495489
129868
945555
269385
566878
883319
789415
267781
813294
775517
588257
216337
543728
291896
771011
408325
434668
387515
581027
849815
827457
740766
79159
408904
414760
108696
352915
405676
648121
666751
21371
966186
887088
55050
504723
211397
521173
899585
497053
30908
319519
346054
42512
258456
551958
536739
708136
38106
419477
106100
896523
751085
209904
969709
584802
31709
360458
586502
817606
273422
353707
943588
710819
50724
877098
355679
947666
908617
266531
531440
696103
242075
979833
480987
906297
133699
431362
123319
97142
113233
387284
918211
444176
817662
521284
269264
425458
930350
360680
660379
137835
269132
551764
594004
833160
25445
830394
945387
505780
495631
778949
109375
954393
642234
910325
301265
625755
454435
873302
928355
420831
379909
658708
203467
921142
209173
96747
331071
219542
828984
320897
657704
701949
278605
600130
253260
80537
642983
110339
517023
583790
562637
480869
990993
951839
368457
638342
245047
94941
423067
746758
596092
897273
974917
240112
219867
915480
957360
868909
830876
953046
763293
408585
340975
794674
214809
197842
657023
393270
157137
224616
4827
855143
323753
788545
260499
466437
639952
588160
792224
11944
239782
987982
249973
809341
685797
437642
625356
315436
337429
16914
145015
140796
987402
736923
374759
689757
503560
481002
118950
696733
869635
240415
556728
89819
108203
612204
560870
544181
513174
630509
491659
555121
833116
709517
87385
612630
365146
68804
715644
466157
654744
696286
631547
997770
195345
889439
284939
899849
895790
746129
484857
426045
382992
715883
400656
256027
881826
547713
127568
620592
859664
146588
101534
825330
88494
73492
387153
679917
703576
899117
721043
150761
76365
963999
220925
524513
486816
424076
807985
433968
744231
610740
137046
747668
541371
879555
568863
455825
354939
676437
956018
946193
483622
625690
679695
305736
781269
862793
436408
16526
686925
865853
751640
299759
452425
951036
858163
420
676201
444998
284927
20693
902659
946969
110560
25928
122752
82277
381078
972055
440294
331351
220957
215236
554229
838725
510193
563067
427431
349092
960058
485968
772003
997147
586544
526907
951620
568608
760505
267992
830497
151718
841175
721187
346752
423800
11972
903287
763867
294126
792596
449869
563210
268285
465161
357386
870126
204615
257743
424876
354895
993656
803661
318222
510017
112245
947635
858133
583015
820315
452501
187432
738759
688319
354770
200843
368091
834250
392976
537677
62448
724467
584589
274224
802261
878290
646764
278032
7416
455556
693465
591940
238006
534229
997959
939500
805511
995156
430857
133713
336857
761002
585334
997486
748017
702302
261679
160577
879865
433728
956989
797580
807670
72295
666102
603583
303406
306240
79808
27041
578371
573081
656699
181916
964024
313830
336072
299376
883921
23159
131845
958036
194008
978665
847421
945514
35244
773051
527610
718459
170309
738458
625347
423307
707004
102007
937913
677496
677457
37570
118116
296848
27423
996054
722700
689504
290586
179122
378879
320274
771927
864363
682219
39976
754327
460522
980619
653480
441829
670605
324394
465047
293072
197541
1382
568673
104812
666512
67001
444555
447694
978256
39489
146635
151628
854703
239610
242526
235467
285323
91526
212593
702917
633785
124067
399494
434347
852283
305877
832278
437030
74764
205931
552093
204167
422699
286974
884943
865349
451724
897414
355559
374146
701372
701895
987429
87989
460199
379278
792046
726870
47427
611785
414134
42913
646176
925416
413350
735503
113700
121924
100986
990499
348371
131250
791664
813987
863182
248523
532683
623674
885059
191048
969577
564767
743288
877869
290416
920801
20811
39383
375853
909843
908401
114517
8739
228359
783017
481503
987783
850445
251475
645325
681753
116766
600685
485929
765639
145535
51532
207304
195041
782554
652894
365009
580348
384136
646606
328491
935052
792366
758648
28545
667255
706755
756222
606160
943017
159826
720803
792127
895270
565553
334368
664745
154783
359819
165707
983899
919258
18767
443926
353077
987228
194386
191668
341075
395179
772509
403600
162653
625110
681691
345839
587131
606908
827104
710589
746877
205824
854896
872629
548031
491935
247547
164483
752790
4094
111830
917977
199276
372644
123155
334318
973342
197358
619146
956618
893083
122213
56037
455960
968309
69538
506301
167301
519713
275831
288104
873889
719409
43525
143972
351014
463444
810748
527701
96616
680937
521209
297687
2305
259439
868747
822787
629383
926312
166574
950469
555622
434524
428827
118155
95733
24831
345977
264555
636181
249651
107985
200739
47446
923776
639916
647964
178489
804572
245611
759321
544994
843831
49423
269273
755273
120185
265259
9361
658174
835725
685624
845830
872253
839247
782101
164797
94125
488708
259693
507274
923988
967328
413058
625968
781076
80893
588162
513050
598368
882037
415888
307844
842370
300336
519635
311015
991184
549121
747254
214654
903781
590727
452887
875027
787342
317790
823692
51045
19604
961649
71168
46948
897280
597878
67514
644964
344638
902557
944163
180671
811630
836713
329922
315043
852210
739225
431745
7271
100195
640712
427523
960272
975900
427854
34704
755853
502806
290815
140195
869517
872039
107236
911771
546368
993277
303603
413541
394335
48674
475303
129268
134462
448655
855988
618817
60730
818814
20230
453610
461620
234722
507041
978479
505247
35991
530890
756529
408535
792200
575587
216335
130237
743024
415604
351985
491909
771370
482050
811499
728903
236535
698274
396414
839700
176466
244076
660318
800069
762852
814585
633633
245472
524122
77185
178941
275066
947255
838705
869626
180120
741724
804836
182370
997778
201531
284842
828458
824119
552561
647509
407567
183396
210502
100286
88934
5452
169678
910001
127104
420371
280793
394043
426568
922250
765676
99860
38378
244661
437853
422073
952923
653369
808935
564316
653570
229213
644960
412938
923576
61452
416204
531766
218844
29018
22680
35821
23507
238470
180467
675119
962544
525382
163430
84975
119260
702613
897876
921755
182969
967598
812753
229549
584842
572541
496736
525019
826530
399220
901081
522912
125592
288389
386134
869453
296666
902332
263865
566407
814432
600669
93643
669855
785597
707806
924295
612359
704077
69032
225164
812172
432679
814225
470069
464677
28611
633770
176390
314693
638967
301639
287829
397667
208915
410056
603633
241176
648955
901207
292013
803927
946385
630085
343918
615737
139246
854177
224893
732043
850588
837127
150579
488005
965948
87648
879104
527626
966825
217888
329834
1989
15749
320599
383751
207158
172886
69647
106660
882701
678770
440040
333539
750736
518523
786285
555819
453801
209106
378237
618171
157386
405017
391647
238080
891473
183764
800740
408352
7646
14167
825345
57781
276545
21205
400367
965425
582562
175131
777644
919010
247416
159569
988234
806622
58429
945494
603588
376994
331011
827923
147880
25508
514347
93982
375644
277190
542883
874571
919759
958794
450231
680804
578730
950718
376042
254573
295620
216825
651200
679883
128242
88191
545963
596973
796851
470209
831101
649198
68256
738271
279453
744614
265865
765580
512623
510876
10804
708432
22504
853883
820103
229929
149389
35975
368135
774215
995740
379095
464195
774443
803720
991766
645730
353514
979115
231351
830417
861929
354499
558543
88054
94808
290824
692227
267027
652224
713832
153866
406749
577475
536081
812539
753542
572614
515992
765739
954794
49558
803758
647514
373377
580962
603050
872242
776874
696412
365432
359145
935322
86302
489938
415968
141375
630411
966907
630723
78675
489301
437451
363928
308805
115910
940646
974252
326869
521190
263223
833022
922352
705125
426011
662568
317062
539056
325283
650082
81893
248109
997684
240809
88226
293607
632960
674911
90782
655776
716149
180350
810420
177817
469915
411238
974518
683656
360707
362228
500640
676812
292768
775422
589441
953822
86226
258108
403769
523222
870673
496260
940910
988659
169392
19064
111544
4886
333
196781
159556
486657
354828
625546
388042
21741
625105
971763
534681
353042
642201
6491
658857
711416
254083
18172
451298
943986
87322
668788
880613
471406
587274
386237
191391
916831
998306
214161
140515
90196
882624
242051
778187
577403
671504
944141
712184
509052
257491
350289
590838
262388
973589
847154
919789
620586
593355
692008
570003
580374
317056
17139
305490
217007
989628
829541
608573
92954
704253
951490
50855
231571
789909
491471
337228
852695
553389
15131
590749
177052
29354
773369
241108
439993
575292
361050
787305
361398
201205
495684
210836
116759
764394
283399
785243
589482
849672
788026
170887
755333
133204
227231
856114
260490
47558
454387
926321
776555
245273
397633
328055
93309
725279
678770
129983
780041
798134
368404
414313
806852
129606
361943
603198
413147
793614
605059
42364
127814
122679
630973
824262
434273
558555
449783
266859
266754
120080
40893
937796
712945
779426
33890
721409
408981
417423
113915
627467
64724
212356
592110
216181
998192
586363
814325
832394
417608
826988
402584
247953
645529
248614
920345
59900
641731
487589
181148
526810
98016
161842
849055
471219
852499
739183
592760
356119
533091
975632
238473
636053
560397
720281
526129
550731
537587
295234
9272
525980
301812
378780
516845
216933
378671
239464
416339
115217
499639
609176
861965
488320
189619
948543
852055
515868
165641
873442
895589
946989
928456
55185
169375
403227
572868
458740
781617
727307
853853
190324
175457
984758
592319
656254
488642
126701
470443
381519
914553
749243
313541
553806
138271
903373
545239
981842
847982
993872
723724
166529
607740
480459
252044
729191
104927
580932
517725
766931
28414
629872
126469
842060
383101
188627
119997
206257
584496
672489
671834
939926
953369
832113
460262
894339
879141
542825
369495
836977
793739
740230
304491
504918
482649
698614
963753
286196
903411
279211
18613
455856
313498
74225
490872
801177
906609
629293
554783
217135
495017
932150
555939
763274
829864
279404
394141
738582
985340
499292
648001
651907
708862
399277
299022
16292
478616
251619
206679
802137
701687
955286
910127
406360
483355
74291
779510
295866
893877
280894
728924
55886
70325
274967
646818
83385
225502
799426
992433
121267
924075
632658
250076
282330
591661
149401
246796
309653
958408
125756
644415
93923
277921
321824
410415
973292
92851
832815
384692
563168
302430
27745
145266
454373
274131
554505
443736
129028
843907
658699
100978
228730
55751
834046
848075
532112
618640
239322
793664
485859
577914
715126
182336
601485
613876
93739
489308
808942
593857
685993
83828
682963
500814
255286
957933
392925
714200
774047
931245
253213
535746
798489
18568
226142
667038
138254
224921
894926
747827
435227
423158
708794
922739
236356
932790
59762
327460
960566
579007
680230
674332
173530
615406
370785
99896
463387
677309
957100
656626
526612
839211
274124
787672
457760
865059
119901
209475
171892
486848
525303
697058
3930
518223
677438
696165
55257
646534
645426
296342
790346
642285
741680
741949
957699
903906
26974
320378
317733
299916
394989
277426
221035
201065
159672
238738
98349
818287
897088
980388
29092
207821
68395
599670
131421
517073
869053
673241
172930
808251
710761
79699
664211
742227
676129
655431
822070
538717
285088
402414
284935
494100
589843
92831
722506
480043
642505
196310
648576
846113
767627
87035
58039
78072
872159
597183
742333
170966
591639
773436
878021
423443
634519
279557
967947
644794
281814
438379
89695
67007
601536
158233
554694
835264
987987
631145
96173
761525
33422
93177
340294
510869
464135
792702
745700
260153
541809
746974
644249
213667
256466
496631
117707
222660
317328
862457
494155
295527
61167
498390
215064
565589
351492
977819
996885
781040
989293
176975
188340
168680
388775
765439
450179
143520
825687
706845
883889
437163
618508
452288
443084
795561
458358
331283
660241
306981
84124
190204
451263
535236
545672
363661
234561
502192
704377
110969
965261
906650
347837
499730
112458
758145
570080
17281
806406
748329
305269
913884
945538
826272
164766
513683
183519
266866
59070
467897
133285
643505
595454
299797
340627
332711
122192
321992
645290
129680
817950
36470
816486
371422
495916
75231
989960
232482
135437
891271
862293
920955
167400
143083
269900
791460
291213
34024
420067
877807
841152
444460
568359
705249
460510
705532
17050
644189
178277
14838
725320
290160
204292
133505
126239
948308
368298
110654
876259
11814
87753
49263
901697
400804
536535
304731
987168
435727
750359
228405
29427
269669
58712
187360
643356
584239
127008
545940
843120
309570
839
184645
200450
452897
414843
589952
42889
964360
61763
507866
623961
901361
168290
472306
217651
661910
978710
160197
988798
95764
931618
110874
300916
322810
717213
885764
406299
792948
433512
245194
862904
26558
650186
995328
636983
694399
710091
743419
182425
28667
628015
652135
583803
255451
620065
449567
130165
660915
86374
238299
104753
60890
549984
391675
626789
633853
205889
395677
122916
424560
572143
677288
946196
314012
158861
469691
855929
77809
447059
145332
933795
381304
726731
580669
462008
674791
427456
547521
387170
90076
703799
532981
17718
909429
762939
608100
42920
175313
814136
439111
35724
124260
949195
689883
134528
480549
21270
201176
435454
138842
178903
680966
927270
262361
858446
343163
933631
750252
812941
567618
961307
422097
680230
77302
458354
734069
520041
507400
279793
43116
850310
276229
707440
207136
62428
312049
526153
603975
946775
264349
882291
381737
340154
485221
461496
635667
362596
106566
458328
136560
576702
274234
584787
227610
213331
755037
115251
807276
726750
265201
394713
621217
392089
260232
575090
362631
855745
609494
240915
935859
367582
616214
825591
495104
929768
486263
474953
230777
739616
127727
356
797347
178693
566647
627893
349821
914753
942701
827401
45341
794662
800142
777586
366537
582781
135133
488699
519315
718029
898373
195492
741511
261027
133137
979127
853923
950865
150786
403721
944334
227356
339614
852530
180189
19100
113395
943266
763837
559165
77290
222917
71021
706268
495268
338232
634621
26218
556848
119532
775765
496647
830881
142260
681848
512642
86165
210295
45050
439403
746950
403032
820208
892705
46131
482921
59184
326715
941035
280932
123459
613459
20073
856757
290964
123478
523453
852893
258388
723211
782447
224380
441822
748665
937878
540035
316754
412050
543545
517705
110732
291511
20555
964131
716323
870726
141380
534816
463541
522443
429176
91935
546532
783044
825317
873285
265695
103081
629047
366120
9413
142560
416302
766259
144462
545583
418924
400848
406910
757860
479348
683341
585687
226798
682524
924196
548842
848066
899576
179732
214682
84008
527673
793972
207779
51905
427368
712323
766890
483860
526242
57589
636177
481312
452560
843064
908311
923022
790046
306269
530056
361847
379878
717302
749109
442684
854822
40828
449577
296155
71053
576799
453550
532405
924876
968622
638385
95765
77590
249208
412666
619386
147670
263084
60118
413441
44217
140657
920268
886127
564970
914593
239925
354784
235121
187063
792249
626643
651581
979966
948243
360114
309943
995987
637416
859322
860627
271786
657779
750136
770808
981011
121244
812283
417244
741975
357222
407269
433423
12441
46911
510654
656498
771443
803819
313581
289348
151803
20782
427482
126304
53214
689980
717470
267031
18967
693561
248824
305501
321852
483568
661856
458273
17931
979717
333576
151315
134422
707424
705627
268657
312509
137521
642448
927061
338203
588978
778724
244451
229323
784746
140146
891876
713397
217795
249316
171449
137330
948769
118653
587004
55760
905139
861744
339053
148865
259753
159524
921567
297058
246720
1440
419659
319018
976711
334336
788736
433677
311079
424543
770432
342594
13270
897399
335936
298279
883073
625763
4557
648225
413125
287880
747058
808583
736521
135187
521330
565688
37803
311360
940552
632364
893032
980476
880332
55561
675303
260026
208426
332132
273964
425251
448784
878684
664104
633815
535515
235270
71737
287615
722169
132598
830697
211087
166930
476537
824751
787637
62823
157012
688525
337598
560233
833242
554370
944124
457387
707889
287784
16198
66153
93516
307798
465742
171551
430122
294640
478994
843929
293579
692037
736385
422373
496764
241585
365850
836264
863722
184687
280341
546803
892113
354060
884156
107845
288921
350742
980166
644555
842419
460512
87266
959741
561367
391473
420846
438464
191154
490604
283144
563051
770827
223507
782527
53840
314854
813702
409708
530117
405779
138488
442138
85217
889580
745422
841423
580580
360442
259724
132873
124212
785918
460530
849681
4222
590086
514652
686536
146816
279906
192322
76685
374923
661078
931002
850815
792548
135293
592525
464195
164438
681838
990143
316038
670619
469934
317382
922495
409424
542381
425881
669804
703351
656091
89743
444006
119278
476334
757188
770206
333660
848648
875225
486927
327291
212234
458114
273728
792682
938581
132444
520195
666687
274443
378834
325780
41116
828527
908971
521783
528296
393418
252359
713632
925154
840289
422978
58719
585950
190654
652708
641799
678907
234331
388753
521743
51889
835662
336640
384636
176233
193784
398654
423926
271160
273223
435680
253289
581494
838582
715336
148526
664015
752756
854798
386609
18539
868356
150655
141959
535774
230307
961936
601000
605944
582439
605158
962023
578854
716528
737644
3951
699921
756899
613264
931304
10529
50411
281292
606302
369527
207253
561834
121179
774617
291789
21922
427118
884712
416109
384287
169931
593515
459517
929533
328393
99932
769136
90844
794649
644011
364868
430305
805782
223590
743983
715411
497082
731408
775508
969183
801388
305360
863302
341081
267330
492302
656207
845332
609269
233981
292768
777705
721148
35678
456932
43142
345607
541322
890839
697526
920840
978407
334611
866580
630530
486833
493644
164008
429224
770236
35601
658683
267600
220994
837642
330786
470039
70510
775001
988791
864829
476491
990348
118610
342633
428732
937566
226033
575823
363361
496722
848157
687557
247406
889966
949598
648155
14284
161110
342719
113523
923471
196039
802457
27263
716427
58867
446493
905912
650225
526973
832498
314552
700354
655446
652280
609446
37196
770492
616929
780803
129502
47214
386326
343249
967678
181947
49191
276921
221561
274520
62315
344545
722229
715133
575677
764055
707455
982722
579729
664452
709184
658235
454130
280004
883736
666815
149504
901206
350835
753625
53838
150972
586799
221112
622167
745985
364973
229300
987764
757460
117910
260368
677350
771702
290773
704185
29607
445461
48217
926582
664703
308955
681160
502879
379883
923471
953320
314743
477639
962190
153424
79016
137577
780719
174155
167451
846115
202922
638228
982732
135164
526653
995123
142717
817861
167185
602422
540483
848608
62106
202245
239138
698231
478163
704895
453635
235730
375639
972842
554396
486500
515548
993310
363893
989234
772160
997075
354915
237707
504364
709957
59606
662850
212376
556862
707569
890571
94134
632188
324316
217516
678388
645355
553291
305793
901894
604683
329222
632508
376426
