933601
516535
678310
72532
160681
642933
731555
450305
40415
927501
872623
613588
476368
72535
370253
113562
623927
775944
521404
689979
467334
20542
989672
889321
141605
767774
327462
391645
83807
982767
823806
92572
275244
457686
346191
357410
549582
189408
297213
864236
998750
743023
713567
569742
920232
316996
125447
329752
557516
818843
828140
35943
656906
721821
263490
739982
12691
165850
827591
665543
207743
564871
431054
880386
956267
255629
37545
704336
20108
171331
535346
507953
536062
436214
119902
328205
109413
817508
973279
881249
400132
978885
62093
938911
727984
860575
774846
46761
108856
737131
433086
888373
680793
990544
358908
422077
560835
347395
507683
11651
204601
238515
149892
747952
382461
92945
79120
173964
243667
52153
835954
652805
588350
470003
914701
712776
556903
549544
822619
6478
868028
358011
79071
83079
931972
343240
466124
193579
989338
963747
963327
958986
402745
890924
588032
645417
840398
822889
827762
672930
79290
143120
137718
146814
915975
295922
267603
686022
347909
359964
300797
725300
489722
14524
77450
117552
805029
21385
969141
275830
208571
455622
64924
964619
171270
420239
543427
873052
772234
323588
678501
825707
196258
499715
137256
105828
534450
430166
598453
924087
658086
373243
585220
869533
494950
24909
844587
978996
145099
363224
435341
456716
681926
44808
156944
187083
633433
534035
816512
674131
394856
141628
191035
526535
343564
352593
849413
200911
208991
431657
850505
45830
10549
857502
41039
748744
733579
320663
268480
466199
824214
606826
958251
755413
441575
462621
662171
473490
678916
226212
150212
264424
517922
720757
262519
832375
574351
772454
150892
846422
659498
360497
469144
868217
722610
697168
185289
256173
356198
597140
512529
403739
801710
681518
124770
454082
861153
257885
427047
936398
315262
818486
625037
509275
13868
654163
605860
126284
412846
289064
715479
637100
344933
114908
673650
862423
33904
50543
136179
729721
547045
196078
876283
989949
372946
160448
64982
731869
376350
808685
614766
301559
503870
34117
549425
848932
385680
75998
273341
379032
747988
765020
775877
953499
820926
540916
183731
32584
584084
123093
209712
230629
637161
191691
539898
404862
737114
616902
73309
737231
216858
368736
206717
861377
601695
542896
157300
281241
347134
135941
60189
777416
425976
974994
976216
330206
988234
330621
252179
928087
407755
813235
384510
714282
712109
143099
105737
114829
994878
567286
684017
679910
900173
727000
44141
630042
966417
639364
428204
348448
918103
867111
296967
440922
21587
184631
614638
336320
477565
924917
122481
551833
571494
311021
101265
448182
147471
300386
122231
209451
517734
699344
142476
213100
520943
810146
342986
976874
366113
738093
462527
944053
546402
207633
12981
639863
116133
642334
562151
352428
674989
769760
392086
418943
154835
666686
897852
660853
207083
530189
32924
514185
40113
343115
885080
266155
944867
811019
806160
392044
387548
275462
459289
640777
80336
976220
953211
968408
812484
750179
186677
627721
9086
85823
102431
291311
672707
348246
915220
46717
198287
303106
812813
718122
126756
525042
702433
315083
881093
886153
535332
324883
122294
994797
371500
515095
531411
188280
484778
583661
250224
98660
502513
975415
655231
27681
409553
752597
458912
773673
314439
749970
749709
690167
959862
230043
81565
943682
56186
905271
948816
367467
151145
911801
44588
725525
621050
650016
486448
621569
699194
469299
949053
971807
189764
331175
243647
402600
727831
640752
267638
735480
573342
403574
882507
42134
381475
484473
318914
619730
522485
36759
831551
302308
625869
564599
47292
445160
800982
380268
701021
914778
790633
328508
840471
48839
447705
75445
52927
639523
752866
600320
43496
975212
472166
291056
340605
991111
611316
728164
119096
63029
706997
813086
425289
969115
956246
661065
970930
324413
271257
241711
558529
826138
290914
448470
637646
197654
86395
503747
224497
543614
938332
233089
687008
307815
692828
496316
383085
603803
988132
500597
324906
341807
637851
293213
852399
433013
45483
575240
390094
819080
474167
173109
150743
414026
578330
858019
489363
864258
197627
761967
759029
919934
907363
839470
720966
50061
367078
991489
496250
146844
160709
705695
35280
47764
489905
484282
968300
50007
928054
470397
333050
855100
271739
972520
130228
774145
975821
486348
270453
221795
584655
75528
641875
598429
409432
196150
224014
597424
170532
289632
402296
611194
159196
726460
121836
666693
865936
942023
507201
764721
327824
490285
208298
215373
570416
300687
368896
736700
720693
188028
676981
475441
307410
124902
468655
494422
688384
808005
774516
90044
178620
677170
104234
285431
898795
180994
5588
681857
551263
148559
58998
483095
751895
648042
731425
89988
306452
797787
765332
275771
536740
178374
4642
444409
556240
107063
598707
992319
603688
969884
676930
382656
630262
852971
150038
124221
450790
422442
496544
993958
6374
52599
745299
880186
167021
244953
580136
794228
711525
965152
355291
793368
697908
706980
754679
516867
11661
259330
27047
276261
844861
205034
721256
687236
40152
414326
166822
155576
74877
225452
452924
983659
622247
771888
542855
562859
876342
257989
454749
580123
503218
507919
623199
119204
841420
877923
972756
208555
32204
104011
600878
728592
206386
271609
315649
997264
267948
735682
470631
369737
524940
80491
193805
744870
334243
80967
465831
707827
308547
578712
761263
308463
69979
838494
90395
898851
439025
516625
915260
231531
708920
193742
766377
258567
865968
274379
790631
567084
887675
864195
474656
653078
25566
228547
941085
901332
339132
203327
611444
41222
15520
667468
126014
680907
941821
524887
447910
225762
418279
558183
541813
199309
549820
756159
877083
990693
144939
290602
156670
171594
654453
112676
702815
455630
368438
448245
448942
285311
245305
738681
515974
800651
849048
331512
191979
937418
64343
397015
715464
877351
467079
100758
549362
668213
699254
37115
137719
289895
234282
208135
162988
50956
823167
19602
577808
970469
65592
155840
849066
1649
174394
579025
356509
834201
479505
426576
446046
651594
985084
646380
19444
389238
680359
595865
126657
442784
887748
758421
197642
893577
142942
251828
566402
328911
221859
776449
102561
172767
805457
590729
242098
962941
427781
27563
439605
194562
199103
115632
546815
737747
837950
872555
120902
889695
366717
314688
720885
607590
72746
2162
777202
469214
763774
523639
207554
116030
431852
807497
733904
352064
621218
986383
445541
850413
392423
138487
559551
921857
998529
505760
132171
396411
394919
447073
275024
778649
657581
801253
329738
672844
773223
554957
510683
903751
685366
11290
461455
310760
32089
971741
224119
748122
723245
7842
307977
633034
333746
368838
224842
185573
64183
687019
935967
694068
139964
167515
720157
691699
863038
376803
760104
790114
377668
676345
138639
744577
744317
124978
324957
259854
311417
628898
928749
915676
703100
77210
436286
987883
229032
664694
809087
454845
136972
248955
623902
798043
713866
637658
854476
12664
558308
606805
477794
865617
537171
468721
45385
607571
82772
996409
189529
141533
155526
156102
558006
184585
586179
211817
335535
723258
215196
334024
716458
154772
455761
649785
338714
368924
980068
468515
288341
360289
738141
233455
978944
387565
269711
870263
466506
239243
600625
183080
498802
744394
555654
613379
750791
394968
289108
254235
253767
626252
368643
100408
654688
103362
731236
2345
618904
705069
522938
243507
257627
590667
395501
38618
434775
977141
235420
303081
336722
540670
135220
114687
119928
317233
171355
360986
802283
892671
427138
918951
672639
732431
199371
373855
122291
875369
941397
295283
797077
581233
900534
382049
288580
694441
487757
826270
266337
771972
624408
395895
261094
608771
542376
206333
213907
612128
872686
639491
260377
533792
802720
639483
380722
721993
97604
869016
356903
851350
11144
723686
470192
200330
332007
139702
477769
382777
26225
308863
757353
97313
104383
953000
584414
243002
547733
351794
936582
860190
921909
984409
100127
66035
891569
869070
649746
264713
251395
459856
517780
391954
525703
444310
332084
757555
220451
30814
353151
956280
786991
131417
444035
33052
862390
480745
935025
491117
358705
257469
509003
623289
19688
196645
697418
757484
116992
282757
425536
18818
202168
188968
801576
144201
841507
798758
750936
653018
315534
441885
843125
340731
295034
805419
468015
879583
153408
29149
646319
438494
307465
328870
180101
259351
801601
48305
717202
256301
951233
336722
858306
53296
151249
527382
927195
978016
100702
874318
651753
756825
445950
513584
528983
939029
355965
415519
609365
25144
476970
925280
188796
780763
407999
125468
984802
389273
270304
399444
110695
255997
264243
738697
931762
958107
270726
469706
301905
947498
442721
64286
541531
672380
652216
592250
154482
938364
365696
715189
327630
576802
623232
995550
357189
316582
202262
236564
141404
170206
104735
956171
76853
231842
991450
974831
548823
825438
668143
694979
229317
419896
805659
296839
784336
953523
836229
219909
169520
28087
73149
573847
876768
760713
725558
902823
921141
62223
466197
797562
823204
387503
652165
512448
662469
618868
788820
124632
647414
956417
516183
29577
963327
543727
271460
134115
566683
932185
159346
197547
185322
482237
173908
169724
772251
371606
386581
896597
373345
626591
52719
806408
769809
31070
912752
129893
715792
455884
319137
206329
765335
146162
222001
571952
704940
88010
813587
111825
488473
517298
661112
821630
91250
914921
639736
492200
64154
736691
634998
881750
65006
327822
138944
518000
467010
793460
388388
243205
461604
584090
245173
695314
701358
151750
23241
114802
94207
645170
621408
81716
521388
553109
64839
9022
406232
500372
388721
660670
735036
518766
426850
517996
688324
907549
104818
357447
787430
125203
266058
618056
956332
487179
317858
438805
452995
300661
882357
768538
810678
484421
993824
89193
482358
75362
516855
3648
538796
265349
67490
788581
309792
292025
585468
1919
519746
283614
867463
627825
500463
542366
691738
87626
943401
627695
755291
555422
734614
374706
644166
633289
46137
373834
497153
547199
312281
493801
370129
199481
380708
186961
893833
201429
938136
843509
739583
424913
550424
313736
492833
736429
114631
979141
977633
495707
961400
44820
120518
280309
686556
655386
884273
189872
537622
564008
493632
256965
9329
435437
565625
731414
418880
289970
778850
694454
289559
993906
253259
943202
595632
13934
790121
377361
577318
705755
256924
772179
274470
563315
408922
593859
63461
678116
455075
119567
759309
762211
127753
553488
363238
446753
59129
143156
773605
190587
343791
543171
38094
464174
457782
529512
960769
343334
727114
530986
958746
580667
876400
418669
838549
152431
545246
246005
736776
426455
292827
380744
444243
770940
995791
943620
92941
364334
191300
925327
215025
526814
649362
280018
824309
305736
957824
190961
563533
598666
184307
518643
403002
406228
984585
305202
788393
684475
915951
937144
811683
188800
784962
90658
731830
741425
431446
619277
386896
693003
571048
177508
68318
868719
578689
387181
335594
330111
255415
783714
192382
247516
413160
297097
859392
7627
636553
388391
25781
353830
930497
181074
342575
366006
931384
617417
955907
775552
153511
730594
348779
104013
864595
798004
862435
213899
259866
315413
138899
691239
399430
949695
507118
36047
924137
955229
928623
30387
124710
930198
687044
314558
254437
543039
417925
269198
952094
534850
859575
109229
651450
819640
107111
501328
876712
442410
586154
732993
389006
347547
689424
537209
912865
7520
333166
202623
753277
593642
725616
103988
648641
508385
84003
482140
998674
75703
796565
863581
466907
85552
724919
702264
203723
350371
984072
304816
277211
416842
4939
10395
433491
844843
424780
223277
234839
222898
769396
525792
500108
727695
937921
13584
821299
233701
719372
810854
662228
159442
894233
427415
650679
905423
24289
803347
907704
662298
702466
771134
900982
145321
8088
925320
122525
261692
90543
355753
998581
131354
878782
434703
356188
421890
657762
864440
636923
962735
622563
722044
921530
833849
304420
19654
736324
532615
958971
664319
943335
831585
866926
30981
293857
85087
73524
480757
157815
541535
256231
651928
137047
79702
81277
66183
324580
372428
556618
97387
810721
545662
893498
908407
615402
769094
229929
227983
342657
35844
695727
647444
102913
183796
842879
5455
502810
927260
985220
555371
644103
143146
676961
466354
630998
975120
901336
23712
234010
229129
694130
669037
685707
82092
313237
461053
218455
861040
970531
659411
300327
502507
205956
81859
262060
801630
870373
189237
828526
37879
463286
608130
107970
224234
656664
373813
512371
822249
898394
724346
965710
922747
254054
582466
790507
922608
727008
673399
912902
233917
733492
987419
251002
149913
537302
170857
495557
821884
671385
407356
370279
46591
153489
164394
448686
664170
227521
28780
214659
97230
923886
24991
275013
581193
931223
308559
131566
501226
554545
449307
702981
174688
600350
911694
934381
428299
743589
565356
366975
985273
15711
554361
930605
462120
760133
697415
606170
618165
830265
138462
378471
656499
238369
46051
182329
108318
661069
548789
73542
865061
637625
644081
446055
466827
76092
104128
445846
564472
603659
843385
94053
622238
407870
25396
940879
40660
934017
417618
250405
89392
336508
461288
843011
94692
31159
651846
152294
406605
400129
893259
81029
967332
993747
463806
260655
317987
418919
887993
930213
111668
558178
763101
67267
192052
67156
876206
68035
561967
908594
547178
569654
757242
703423
316505
643144
861833
307712
503294
941235
791053
965485
685157
877079
608742
384220
787307
39993
724056
127625
738965
971785
353651
403050
761092
980929
449022
98780
405644
200489
603205
555562
187646
217916
344604
942936
799393
518455
880373
987481
346789
106019
124097
165516
213649
108589
310168
543622
364862
236084
161026
997879
537725
388206
844744
982713
95035
597665
900538
865753
247933
696872
418836
629872
570847
608658
70035
585475
318328
635105
182957
565871
209884
70996
337775
29770
938582
22615
691136
496979
309051
996165
410384
123330
319728
237219
788862
119914
93203
406766
272044
91657
935590
582516
429242
210632
872957
396235
471446
300087
135859
534858
667638
414312
311048
84630
831951
128831
338763
464770
471783
393840
676912
702303
863338
61369
406421
601549
833334
514606
548314
330825
811763
565753
725089
482932
453236
661430
304312
16894
201894
496323
721607
271598
692808
100931
38071
574942
981925
242346
351241
854540
938621
661838
272314
220013
244757
142561
721527
317805
7337
323898
405143
696236
916953
72832
465479
283641
972407
31086
706577
75726
599705
27969
202591
844402
184019
64091
262756
890391
336016
174336
96605
262127
177422
835803
689577
643061
250770
38754
566182
189926
301738
307409
413135
804605
229024
846239
412477
23400
518483
679026
788526
713899
342481
799396
605271
398578
697052
214552
77305
40670
823029
687023
336049
946420
609401
143003
205098
378195
659794
424037
478379
983499
591995
911712
100061
986326
510824
471210
359131
854408
553154
964060
500351
572472
163912
178945
71280
320811
943096
7318
984859
368198
658556
632697
908632
920005
347238
862239
874815
152801
875963
33813
402280
374140
699772
185729
834737
921554
585263
610168
974267
922982
477347
737362
53951
600253
950778
880784
930946
799591
473379
528529
239616
352912
10736
164080
253902
272300
290139
702077
732303
603620
589765
999313
37134
156057
782138
911160
392200
834765
489315
675468
572641
14739
332423
549145
776074
638085
972162
236709
117280
289623
943263
894021
563894
734907
424809
526783
126640
480828
631432
681213
519641
119822
414798
351421
512566
474234
943674
405505
100162
380128
522270
212733
925873
154824
743245
738850
914987
97892
628668
576979
134820
889967
68087
807107
413976
18934
285842
739573
539476
757412
428931
724351
325312
520630
819533
168371
397316
470303
660939
556437
52835
78659
858137
639224
213136
866287
501425
123268
387035
471281
387811
387812
897552
928925
796290
312978
480904
231180
364968
625385
561519
492918
347786
410534
45208
987638
213756
257369
518691
364089
582764
147735
310914
433330
610926
371420
648565
333768
903618
279451
137579
448357
19401
345302
236739
989885
82415
926519
122539
341185
388040
727559
733349
751768
405240
772694
995099
992386
13755
340511
123250
958683
692702
785239
119488
351326
400046
228383
585800
965806
965370
971957
764595
684186
192157
423849
792184
870890
946352
743215
34820
527902
2056
933591
725854
493077
890313
836146
768978
402495
387776
549759
74347
267818
237690
145683
555505
147927
334511
828313
855185
196796
341730
347940
641197
666034
767061
467763
650247
583330
364808
632602
493360
804739
117831
28412
727336
130336
206586
595847
945388
481327
91578
573540
358667
984546
487696
939342
632348
224404
22606
71611
932549
84827
604679
987290
533174
828001
474652
961023
967503
899051
596218
886348
838675
358488
851363
105506
76234
76245
960228
196432
166617
963338
481979
422662
312492
871843
389825
98499
401791
101689
286479
333122
159162
815886
496794
463118
322472
604585
432656
428363
543579
577297
955064
233007
262815
740547
300121
984839
178088
185523
217805
10037
73420
494258
612627
67133
649317
672452
226393
746640
304556
678694
882433
920507
63511
420569
456512
121427
736442
398768
879517
186653
126107
673189
216681
501722
258106
637479
834983
715411
870506
138986
714883
592972
815404
504760
324298
778054
461900
232645
524328
805587
485756
232583
370806
404835
131178
833982
437358
858537
429712
372203
155213
517869
400874
126225
635036
210390
268898
10110
110615
399447
94941
902991
557498
56731
969618
263101
122079
773385
9470
305412
454213
925654
451369
668991
357168
48435
588465
321207
490907
742020
495927
671175
765968
871725
612779
39019
895269
159855
148944
165583
527312
41537
53408
384711
38296
348551
99170
382541
133412
773689
393989
502041
978793
947149
595048
713529
381463
515846
923267
1903
379705
244861
41514
707902
986738
41784
943214
524840
780121
151253
753831
52633
717393
751822
456808
181021
759704
308184
337052
744825
190117
263844
586114
353264
174464
222558
725721
602736
434174
653797
39217
880910
686209
846097
231833
281073
174513
682732
818842
864938
389499
197468
680633
19771
935930
745196
519754
725323
22170
698084
540350
880624
191714
301846
472227
522693
976162
549751
648502
531152
616168
689569
3039
788060
934783
322878
322870
853863
310658
648220
853021
900228
912891
210109
866381
925805
688403
141205
324828
288173
213945
10070
151473
881196
582788
164407
467591
948826
13840
936759
496850
749941
91779
501233
297977
715143
811094
656949
675515
771975
49779
332296
656790
884784
299678
714453
184757
738021
361547
12271
303131
126935
369517
704229
748073
14176
98845
23020
673156
441165
398349
305344
587712
737141
144613
549253
110631
231789
142352
174585
147279
579268
338583
935731
675600
457135
612238
21414
630021
775110
346420
249014
130017
373535
14321
93159
598640
29356
826754
41730
368569
508103
216244
277697
37882
822191
92787
660653
179320
229361
176254
803906
290217
505598
45583
28676
966930
288959
672389
443040
451597
205311
807559
157442
845972
147081
514186
249133
914565
686900
987785
517804
802493
639267
309430
245112
797924
718918
480559
236403
343236
835684
213255
890389
413004
579784
119742
560268
650972
853900
174058
494751
949123
451569
718016
507661
763505
28026
374584
587463
897680
643605
66826
368231
18062
777033
800551
527501
882309
916607
480106
109027
939234
701500
646067
712726
491741
283002
946454
311771
410991
755732
320882
933628
3837
822621
681235
971062
167088
309465
819803
693037
215576
387115
253111
218796
983871
56245
632362
439971
253530
562193
539766
115074
798533
935090
507980
116438
774899
634299
582097
604564
890283
862059
664636
738753
325726
551771
260778
112685
826182
676527
663836
118928
412779
24299
365090
118646
145872
14242
13809
367611
835241
54271
435686
105330
656271
894324
731982
507221
865955
198193
872928
607039
617614
555473
30619
572032
305266
135726
791748
176284
822325
683273
965182
138762
331226
165293
449674
392513
815103
995036
700602
147657
433028
258887
535027
765027
697245
639911
400560
962682
604082
418756
714556
59203
525120
130084
209957
930497
901148
785489
435998
662972
878427
184117
466893
393325
109051
495561
528399
381440
460036
342167
633474
279558
115433
898322
83788
337871
384390
293798
905036
540362
569118
968110
151046
350282
73500
840771
902741
486719
236100
131197
147684
679696
233445
763920
512206
277344
582522
59108
306624
306969
496847
895014
15730
95069
597077
790692
739569
676527
622769
646872
529611
334076
642351
573349
6459
154257
227003
950341
106153
616019
497077
275587
335963
980015
518356
940680
439409
875398
596909
464309
70338
628304
801765
292593
573273
713330
824709
941966
809882
206005
440980
516393
567768
455863
161160
83468
161233
990318
385468
731097
594435
247725
275317
397542
184926
442451
553615
505655
932993
791233
668494
569934
683796
780619
95136
58630
281286
668765
365496
505907
465023
670348
560653
261052
934861
55193
385534
136227
585502
547872
368000
237728
739600
704990
322073
390973
426846
916436
225891
790507
799506
86656
421776
743399
939843
874188
412111
225224
128853
502652
607203
62193
668063
644794
59230
612875
687648
317667
186900
204341
689862
921838
95701
390220
383487
92239
578492
422046
429872
943885
579528
190212
780999
111343
590793
85272
324815
844084
423436
21200
281292
935294
755571
878938
594284
197486
700035
742215
459528
816065
213498
632546
349300
431999
580510
327859
876946
291898
977053
328626
184779
70383
216525
911942
517860
428311
364431
604880
829440
252664
246101
559488
110816
517596
637477
588211
239599
861656
421101
197366
256369
303084
417470
733814
449634
838239
158028
556735
96763
367527
750509
344469
842848
320546
266718
195063
654907
191097
379724
66015
298761
699306
668725
424006
541780
548587
434506
242544
846779
899357
937512
685355
930266
631319
583813
518497
327201
650842
684460
729082
894651
430234
821792
453249
240917
183800
461670
237106
11723
837378
172854
896883
829055
394146
121461
463750
357717
81769
375949
954820
822845
911271
412936
932526
781060
292156
537780
547720
535560
47108
191972
665334
841132
587044
635930
399420
766106
137518
292260
157762
493264
454373
210832
888453
134983
904965
702656
563846
259117
997538
533956
579684
672549
130301
157293
842726
322533
366627
648958
712728
388359
915411
699727
743948
386298
758027
359894
434816
397900
887807
699288
742546
307152
371865
998409
411382
862711
5826
665813
685179
530896
23049
932317
229303
974517
29632
433817
397718
699067
774118
333390
364033
723969
527825
734365
879458
678273
710597
623067
809415
979405
848638
626911
953219
744227
817438
387253
597461
13584
372567
209409
390474
819111
171402
279122
158712
988860
873346
522983
69562
404353
936852
727658
688886
749144
737261
199547
231355
438122
32004
929267
298142
766332
827876
158678
550940
413046
521348
990893
199875
615515
787441
111059
744968
348701
902849
127892
421450
736638
189635
504779
265860
23015
520379
131935
285530
19841
780078
243242
977329
587158
101075
651552
216914
359371
469093
721000
473046
291160
497208
874810
839243
386267
106559
982616
30088
749390
835422
668325
828263
805121
24881
118922
28429
393952
166081
349428
532096
197838
315928
159033
71864
6356
302821
655443
802233
2770
807359
475426
197388
962353
70321
810858
961249
995931
521712
258016
158914
301465
278918
127004
454725
173519
380288
992
447109
463887
303876
124270
802001
254258
615590
771154
861659
433701
798740
484887
293416
819966
339064
97855
377106
654070
376599
717542
611666
535342
58834
602106
630591
876811
560405
635184
453004
379583
78477
671911
246929
924177
726714
767714
170010
268966
433001
229483
958704
584677
659877
773229
548325
869296
250912
867306
106436
16155
609598
402585
77065
382787
315146
319702
323539
729702
556729
570173
720867
564925
786343
400706
856958
452649
389376
662125
259025
87713
151502
524872
554727
723924
293152
757973
892254
897652
334084
321277
426792
879202
942779
563112
202005
409301
839535
487212
979249
625321
993767
695887
895512
620922
550922
861221
731819
246525
951740
848506
545583
487291
728991
687552
562864
929189
414353
383318
80117
46201
769631
161617
22534
875989
292614
29898
630334
288770
41510
255066
153024
529521
412475
165250
666165
967086
821070
990621
249230
334847
624826
603097
825203
171945
689504
693525
764922
838416
854617
319904
867115
350059
567028
66560
807299
919491
226812
85752
537491
387781
145239
974515
764059
220528
915346
335925
399729
299859
55194
68709
492919
515633
689578
543890
89197
128370
384848
961599
41538
494676
819344
495188
916704
434974
818998
446086
475359
402875
878476
198118
449113
938150
137918
690304
227306
733033
902591
4697
172823
726065
456004
744690
875243
833895
102974
477393
647915
326992
355373
300268
246122
939165
599783
556955
803129
69258
876255
278336
85383
660853
784467
87071
210188
264337
479981
259577
670067
329205
971729
840028
632973
228839
769939
958209
765286
847564
410023
253878
440697
638826
289004
17946
674830
819690
362627
677922
336724
204772
493264
966284
457593
732203
572831
354625
515186
379331
440795
2775
430668
656806
117267
962002
811344
987992
154410
428589
510609
870838
136516
546143
271307
4095
568462
585066
960739
995232
22312
68457
654977
460529
397212
121853
943600
599136
284203
926141
981119
401347
66653
777822
320964
130326
20795
153882
261827
280705
14417
4213
615992
562834
721046
337505
875019
577734
177046
240162
583988
737440
670425
803048
54684
873914
357514
328945
462501
697280
384352
117984
19012
156155
826350
36522
376970
647016
542581
860989
335034
304956
473463
431354
817258
564387
612759
114482
741351
432193
488564
286840
31472
506269
99040
505732
701223
352767
107552
74540
316738
218759
708685
198835
495605
660322
864144
377746
727896
616029
266026
849134
305190
214709
209413
441625
164614
86654
804344
535598
177374
566589
573591
360630
379363
781757
402967
268395
732786
34753
643161
312717
564000
706500
797535
775821
538266
471917
392368
244200
570181
153254
946055
829356
101001
478816
683464
566970
372889
9809
453147
220645
250421
562896
921165
999590
280264
133548
234685
169958
263559
527419
457619
354489
315225
751114
907363
715716
257341
945965
186222
51641
633676
481400
773337
73929
232246
271632
86349
205677
610526
613435
144317
789622
833163
39390
360011
836112
254406
866966
69131
837187
403308
711895
247982
562584
37495
641084
399811
620316
210441
302540
267024
240126
200798
92329
202411
431744
15525
680917
411935
423449
727532
270812
370601
967103
863881
92107
422878
209999
45589
67079
820493
184457
226629
292282
153557
245820
559188
155752
241790
580766
335714
154481
43249
632454
266999
861019
937681
900236
219542
90619
406935
343381
450920
385567
546551
607944
548825
911600
852392
781793
74593
353416
163454
680652
784266
949500
650466
404709
480434
164759
673523
818446
439281
201889
901672
123471
289854
753140
466262
676444
578897
60973
404367
888345
927269
793886
597911
728739
76973
328814
460988
62262
32785
721116
866837
839987
736427
179571
560727
955786
748160
852796
662839
39479
470379
470604
141236
796339
739077
888865
736972
254264
336775
226802
400944
196415
559016
586956
984843
495799
877680
215776
18756
714821
829734
396458
812597
250684
493183
607479
779692
47064
696834
815351
349215
767240
187158
982134
407538
546769
918034
919791
266261
29
509825
355653
40609
164288
551841
146308
134211
653849
64954
21909
572220
575937
679270
890858
879546
297194
615984
729710
889314
88449
246399
433026
951035
825194
857950
741307
63867
487183
274795
245441
821702
260198
889612
406373
451693
110763
980049
529794
302070
467120
81903
349946
856200
768340
228260
578629
193254
183735
260632
820883
722102
277666
118244
866341
439859
722173
982130
57119
28491
963688
138652
88702
247628
636170
750427
81467
710899
221066
714541
606060
589374
890119
606521
848583
417124
877790
351230
167662
81606
277363
785959
316906
436375
167425
391003
88411
108821
406806
655764
352809
654983
269009
733346
435020
166553
359855
317407
878449
662168
243307
836851
59996
24735
108735
468207
41234
996136
649194
61333
454412
672175
746941
431408
100288
713288
844617
334748
272345
631334
144132
365487
586789
390978
776026
189559
382015
840214
434648
253424
65769
364961
98730
105685
130898
991879
555113
939490
389735
169891
362097
647763
682467
893962
415229
833555
546595
720482
120948
305723
759955
997162
927531
964079
753222
743765
300696
110920
188616
675119
65279
532749
72371
256158
209354
913955
747742
529828
545047
357862
164153
997211
22472
466908
163186
111623
498765
242659
918578
652208
625037
524980
894953
930689
333191
527792
208795
946648
935929
349454
419605
863666
739510
920182
664541
882897
783773
706129
854796
962351
634266
760860
846403
613974
230713
91840
968671
852103
741776
440494
161438
7571
370063
426675
423853
221913
879885
472779
62370
797860
461649
104592
483160
160618
729178
905473
148468
506405
410181
66335
693371
864196
613029
998732
576804
615821
603851
60021
648561
603267
359658
789394
727885
285775
449962
558549
191057
383472
198435
321653
754636
893348
644070
275795
944791
867640
150691
508131
271522
753294
751903
577461
557554
522421
639551
419673
241811
61489
93280
920635
474697
647745
249311
813305
164822
341305
797254
348162
370546
282275
900820
618478
7539
720157
998528
903016
807538
467697
459626
397139
578508
886912
382548
463580
799773
652557
687213
492953
470462
24995
357983
823376
286805
850876
111591
130843
410034
843927
126721
317386
601090
411049
167798
264894
527654
839259
340757
304018
596631
398980
253141
901616
31660
33628
860570
480395
13466
132463
200282
608179
793642
318687
223448
328521
481716
899742
87181
449162
888780
520734
27406
116234
198814
226232
170348
796440
239373
223972
338195
515286
948870
758967
675220
612478
970539
695254
986296
913107
400591
169602
416863
603277
754758
367255
705909
16332
634903
952724
319731
450321
518802
73484
972633
125438
750287
142223
659761
406641
464562
863568
399754
59056
125876
307121
804070
632264
745271
665962
525939
336423
827294
374224
39055
483784
862743
716363
881713
856645
369726
138880
409661
815849
542196
290167
679459
552636
842148
271480
774968
625250
79106
549898
791227
60114
308941
486850
22712
893244
796451
759508
348688
483211
131151
763235
232127
262247
167541
638950
563642
754001
359925
703571
417740
132679
781835
723816
856204
677178
356569
513585
277733
111646
554503
22071
801520
579642
167769
453435
175684
675298
959893
840855
680673
244722
133722
516724
391235
36945
440026
444772
970049
601935
609029
835467
943730
772331
390477
74825
279772
604545
399400
627068
882003
511840
803033
258651
69022
137832
712112
112960
874469
181499
446382
78283
550930
771522
336245
154942
110163
83025
56732
516316
510840
789646
783315
846702
202078
319486
391332
163111
114929
550659
375893
182512
332903
279198
593297
29678
557150
531675
245167
187856
477709
824979
992922
104875
504543
720144
996342
510972
830554
545031
853862
733334
987628
318149
981004
210833
129693
807959
202579
905886
461170
30099
322817
826245
467510
89559
181673
63051
756364
166426
90355
974613
432931
617882
817371
194089
274800
538238
236371
350647
919261
412047
868209
483027
18473
919519
912416
321535
190612
728874
641472
315605
257710
326212
337839
304494
316498
581972
594146
440517
624087
44574
55949
943665
518068
107694
741002
22282
969540
475006
642583
427262
402220
997040
931243
912356
518378
298940
269086
547114
132800
761534
609890
581764
955030
665647
746302
85233
551882
104811
774140
829790
144604
291933
390364
604916
677820
719022
784272
553954
828879
588491
844861
146322
591876
118232
626173
577403
88248
45824
536300
957910
470488
341653
142846
562907
419512
706762
434498
598701
872322
135646
422564
655968
232433
327003
330058
108084
748718
634173
549622
426697
572179
602160
460477
450206
147483
605005
295202
131094
451366
277121
94249
155691
355334
489746
621156
638552
141185
963035
505666
370186
907623
52741
342525
415309
963031
121809
244214
462908
828933
410285
116652
324912
351130
901692
990804
471691
896591
132240
548153
931936
549884
595691
277642
269362
664530
326526
710026
110573
170709
216155
417355
732470
529664
472442
697237
350146
662578
502657
617470
529433
245603
933917
603938
100779
90657
938287
279591
384297
450121
216229
439132
28228
596882
16924
653530
654232
216546
209847
736473
256691
84091
849630
699575
475929
253403
660482
979378
668561
572111
581091
251898
649564
720707
42022
175578
435578
548628
61522
887897
446351
369429
852246
833959
549064
792667
577056
676181
19228
921067
967731
684620
900507
647263
452941
983910
785131
270622
95265
362144
919770
588551
428812
440817
180188
214104
952728
861263
998679
701922
831889
800565
691959
789055
708351
604734
434912
689905
908512
633563
866046
51851
484609
361080
485410
510880
327891
200958
767103
482827
121747
58596
907138
208873
369953
510856
774098
37854
478731
330423
570487
695467
870403
732637
267241
946274
467818
614526
370501
90602
622593
941477
319315
349211
287613
945538
446914
519716
672325
867660
203573
205916
915446
492038
929415
922075
519521
964655
841186
108221
459808
908398
294825
380030
787539
337033
675666
51517
442956
82912
835403
408953
380910
182416
500144
652021
247910
212216
457231
723258
679865
191592
509966
530904
441085
632847
816998
135214
668040
995440
814778
623814
395449
544614
101925
468504
93893
819310
684466
151093
655404
150221
183475
223699
300278
59497
799016
618844
632985
394957
177199
5327
147402
910669
204765
555791
262142
37348
72232
606853
604832
70323
209069
176169
754886
787045
380264
487946
859941
617158
77371
195616
314952
5337
37539
227357
120036
754429
249388
658431
67390
595022
349052
518166
362290
323913
839095
803352
802729
873926
214497
889082
216327
199981
309708
327558
230301
25505
272726
179581
643807
669951
158447
461912
501575
475642
876483
287150
184275
325112
985093
859098
540325
540305
655087
842514
820561
236010
723802
804431
451050
687991
675570
985247
398426
840070
110694
573974
924178
703018
977994
313882
187908
163407
664847
615901
45201
544821
418911
124824
639651
48042
741570
850190
755877
774036
498783
279287
485965
580974
362139
278525
529644
41775
561627
629909
672456
577940
829674
405368
918789
3310
316784
766274
203412
398975
117300
552872
495570
383824
46097
199814
614455
707463
88123
532918
801897
475541
462554
365315
320776
487220
905374
203256
315905
884377
212247
786292
838074
302940
782713
796995
574400
253255
50326
928149
156297
83255
705001
247143
921772
233205
471495
126893
905340
870494
205983
824996
69248
933850
929442
953388
825139
721992
429803
909426
565621
106624
667141
222879
517497
53940
262095
947659
897304
247204
194279
311123
632640
604965
488992
741179
958652
738479
891669
995115
269428
892
288206
56134
104160
591829
223474
51818
241047
91781
736783
225955
146703
427919
72053
30820
807832
525218
432272
390504
751507
705464
185661
623955
601809
610919
498488
398465
545745
159176
698349
608627
210163
900447
954325
43460
201107
658435
725586
765904
688443
459245
159757
391427
825673
198029
293137
704855
273997
644355
491043
651900
217560
276134
533946
205909
100678
488946
841889
335662
212553
154
882155
989839
542290
399359
538343
912880
302526
583481
660666
958823
386619
467959
420129
382195
98537
379144
635441
681353
402206
709919
837642
392233
455657
772933
164388
390662
751124
32937
366076
727915
748503
485990
680056
716007
740258
688079
891685
560650
132971
210836
222046
348646
106561
698731
768116
217420
433131
83132
844453
289319
653341
137568
662967
669519
210818
705964
589416
3600
922086
714177
195023
932060
447579
128980
124235
30799
650867
718172
703812
750309
925714
335676
579879
302533
91756
281277
395897
41148
261386
821483
867670
769027
615758
923077
117819
925567
542073
571415
503018
304428
721614
841741
776506
934595
219187
78468
364352
250423
73163
674947
770845
403330
4724
717416
508060
394743
462125
407624
39075
404379
159430
894084
634796
719153
903605
100215
529598
894361
520126
821478
222915
565673
650138
234368
155022
142351
562808
468886
558630
15177
159835
307806
146162
671283
212161
978244
536867
358912
919566
350157
629015
717941
277464
830349
376405
302320
480964
784186
847223
652848
87906
564109
484993
185624
999791
955547
393475
444646
188061
48783
55679
748502
764499
751004
325310
978715
965790
564268
827556
461058
45418
485648
500611
366860
400237
203859
857007
953353
990288
973004
500896
331285
524818
375058
955003
39023
653280
687695
369426
535247
938898
770824
914150
479845
805164
800883
790048
191822
900427
762862
45854
202153
851994
549722
957428
887601
403916
948349
941068
304024
716910
617780
663052
315992
67183
899601
15909
571653
745798
231796
709666
444928
216786
628079
181836
596464
655531
120424
268969
401391
144447
787818
485733
633992
517887
6282
984841
488126
84406
484704
531355
497006
935641
184646
426294
511680
587130
907728
202071
898002
534267
129385
320731
632628
957369
792479
361958
589994
125231
684562
118036
127683
704249
634008
188479
582733
573196
551258
137858
429023
521125
275966
718438
356977
627816
389677
708151
255716
942439
349510
324781
754420
67983
363454
990701
794791
785683
391239
719316
187502
394626
433538
431275
940301
853753
688018
694328
255616
998145
986816
345455
218049
428891
820487
807024
633653
584385
945719
67012
973655
523490
783646
599997
904874
783882
20152
68854
774184
961081
513448
630358
136039
812203
110070
724551
525755
217258
394672
776272
933461
230199
562633
892937
107812
539859
400532
304
454170
825635
888589
358150
195351
897469
772731
834219
930789
370128
957790
54605
408413
173102
451754
6806
339103
491973
682104
653874
738804
754657
467422
511845
835717
830639
60692
874516
635427
728471
325661
730539
898771
462077
987673
318154
932997
336227
355610
351233
762557
260938
160820
521904
203300
370663
608515
482008
85182
890281
926646
617139
607069
929788
693561
86134
359696
819589
615394
551067
166917
354703
764749
841647
968065
366648
7001
103286
513249
825471
850269
403069
681479
973629
588791
909632
752763
997336
567250
36842
539805
752095
532768
215182
320209
362497
598870
971119
847496
41868
581669
990736
961248
139737
861236
404649
112282
299582
6240
940717
908483
18246
495390
852145
819782
644186
509665
188838
867603
249334
566003
18901
104051
629647
885078
738225
277303
734910
369216
750331
85542
753284
391432
771885
768881
567203
652396
614047
838979
199436
116381
622733
997005
119699
257318
848873
606091
876352
714402
233376
163959
412026
955664
915184
504323
368502
966178
805575
991530
460309
941600
783828
434528
510213
792228
537542
640541
177323
443987
785327
677098
745885
570621
74629
938743
500425
469458
927068
378310
390200
291362
856903
79370
825108
900024
734728
339537
303798
267147
971615
916722
39747
67630
563787
306037
748874
174999
36892
884417
732319
598816
883635
327396
523531
346162
284105
176514
825076
378475
664528
917830
620881
767535
183838
40741
606495
930205
247796
508990
620879
837164
484093
103345
216613
325991
820641
413807
49496
387121
759208
781648
479972
320437
313939
835027
855550
994617
824238
924838
389935
778768
424050
645877
970563
387643
370646
53709
941158
629490
92150
988256
534775
771896
857837
165783
941554
950886
842514
364905
836432
766964
245168
444391
697086
45937
829979
355264
516896
315037
739431
693557
475332
466174
977858
62216
789656
173972
486794
371832
302855
877696
254108
598232
833380
374871
807870
228593
535680
338366
462081
491929
812947
191592
608263
720754
974240
367590
788005
682965
671571
871445
203262
243267
743838
237570
663594
159306
877781
628269
752183
577960
609832
828050
543203
852068
582153
881275
335899
676364
391923
495000
482133
910255
424144
844465
692754
491992
651109
191562
698819
405425
756344
810915
17995
183532
852923
771649
244497
318635
928893
978376
876455
575116
475258
438163
944677
327183
672210
356742
86272
267286
998361
677808
779826
358097
36072
817219
418516
838257
928761
196373
453803
389267
926640
785238
327702
646844
595466
68629
203533
207894
677245
315977
914417
405826
641874
682091
320376
437526
302506
377719
539717
950595
371439
345859
304187
60027
917943
851083
150823
713105
460016
112804
557106
764643
86735
685319
376762
135230
459806
65558
442678
899644
856922
442239
264106
462075
430149
670395
192716
649642
557380
320036
327208
514472
704000
366768
671811
687995
388624
288210
492170
323640
602702
896775
258290
280231
359276
893007
594903
97441
379918
273036
923604
233368
672406
950404
372816
137845
509773
845397
347424
322670
640219
670975
439039
322948
327871
173613
574314
129265
457048
181586
116924
90412
110453
863431
479278
385454
194153
776306
277148
299222
377605
638318
968499
76001
492877
319364
254853
985023
45053
266661
903525
747348
522614
975693
51401
974721
545140
77205
952134
63112
277807
889967
399515
743126
709077
781357
743012
85129
496948
364290
958076
214445
17609
503072
410857
324945
272213
948447
774642
562747
908414
265199
454828
593799
284797
523236
716082
219825
680802
141317
785985
814297
902246
887994
725468
719853
57735
652098
164928
952264
27834
963996
863369
601520
757698
712849
680619
63843
277378
488530
901436
826251
145877
321012
799750
851697
362383
464896
246318
156308
307808
276829
461962
339037
750998
9716
790472
227733
560456
283666
234784
186907
385248
77845
737054
770671
339536
222176
60820
63269
850994
359500
383788
174005
982622
650510
841462
661308
420528
809203
55831
758681
972991
654826
171661
58374
759548
898462
932551
267661
51530
679513
902775
762168
747367
468339
845834
328663
535132
974634
732363
516636
578968
895235
789100
636059
620149
551580
823448
688713
756160
15362
28553
464341
700366
494274
468221
141899
775154
894654
360722
843804
358376
483555
828792
523972
732726
168870
245608
824481
19459
982010
215828
442430
174042
698806
979973
653959
472202
648438
169335
64527
244874
589449
557073
95936
339258
163970
501336
62316
795568
81892
696667
765543
848202
99853
666824
868833
676387
106533
106845
273354
636608
974723
880820
138708
421579
904340
124458
516162
32287
123909
419995
800315
204535
146190
106532
106302
288696
884596
437903
271019
634302
556151
729502
356092
515922
113199
774521
180377
994615
779253
693110
837149
333200
947321
644662
905388
399973
144002
45349
986786
216305
549284
8245
420062
68070
93266
281053
158576
264451
353840
611923
678859
20484
151300
312020
645752
288624
27577
518994
180839
600071
188385
293093
56799
626868
961305
598862
411695
562282
562724
870619
110172
312398
242003
145938
970349
592336
765869
828921
786996
120787
570237
789254
483220
625136
812115
522322
469806
485416
656907
42107
139547
414710
925006
195258
71885
228341
936759
688356
93796
77875
503584
687607
963490
152118
609181
936385
57249
999391
268754
47221
982940
834546
765202
31802
286429
606640
854616
622208
803598
595175
780263
601020
301383
733790
360536
650236
333933
613678
696915
66846
99295
368316
536833
998805
797300
295056
217622
331955
957132
105555
905254
511155
838902
581344
881924
293178
221419
842363
758664
264368
865591
63799
981856
178111
440784
473796
27991
419453
232967
231680
295335
700839
761316
337822
650229
676351
324942
866225
487506
960010
789741
180057
450206
63837
134570
573668
20022
712459
766884
170596
163371
201040
724478
888565
76888
802531
916331
490212
132470
561611
573653
52663
631794
917944
19200
845989
968538
213940
779215
535306
26572
371724
722958
505078
855450
582557
814402
596757
866230
152111
769727
941660
950231
327997
990941
419864
639178
707890
694736
379979
869683
709940
864970
370465
606719
563559
219872
777182
312984
229739
7401
727037
985315
72411
944105
959772
536568
243268
851971
515336
329622
549498
579100
257720
654075
10892
257969
904505
569650
238099
316190
124875
874932
171502
357046
7274
322286
139001
223135
395986
88292
902472
591541
982114
514798
153400
138923
230391
576390
654820
949578
829844
813996
855678
602012
398648
92401
137456
81204
691349
318423
504853
318651
795805
593221
88890
624450
805120
220731
195732
959815
572143
372930
367227
211606
152718
595995
130132
486631
342579
733252
972701
712733
579929
809485
896032
876757
299510
399459
645854
601954
109448
926824
489433
989262
460940
347954
378350
383947
852253
45978
262409
223892
622843
218872
864641
204894
918418
632277
508437
291040
706290
80343
729785
330157
107537
232907
21884
121041
866789
605074
780501
225646
45087
364536
608420
686024
192506
961826
60140
972880
801822
606672
693277
375579
279727
560533
384313
411168
267590
338170
160681
480684
772001
811125
817009
148458
248720
656408
855832
675506
754875
529776
738953
464888
997245
671295
298971
661466
797305
205495
675375
993405
998745
432174
386162
206641
99378
135707
639492
375000
528932
424028
786592
127047
375635
645839
680256
634264
276864
558253
391982
701562
978354
969963
255488
589570
849699
978410
74501
65204
494142
11106
563518
343072
81464
190766
587570
947759
381881
326834
452251
133261
573018
263821
608998
880573
523863
467368
866366
556469
626124
653566
546428
176581
782036
708788
833029
174960
597170
42041
92726
339291
665137
267397
410749
562766
956423
779457
760675
131402
135544
669375
403077
837862
894729
382659
759963
910815
39482
496990
982945
774617
712257
185461
462225
220502
34317
805419
6572
712425
908318
793947
837449
750299
482950
559183
285865
521037
384171
879841
2177
694492
322746
219522
302062
450558
868206
92840
816639
63387
916349
943978
728803
732120
729813
789470
663451
862099
716258
480615
450129
64638
408731
927452
488439
493286
606184
955124
130367
419255
230499
316915
382151
946346
339030
280518
317784
17091
749099
529327
671116
684228
600524
275406
175173
837479
555592
940675
408099
825342
815354
590423
854606
629043
619727
289046
200217
713628
75046
446531
869445
871267
789586
82773
6261
878982
466385
638931
472084
126887
330998
912523
784266
573289
286021
875821
509333
798277
131681
574626
132877
982009
784418
100401
359654
412999
227345
528606
259109
587127
536108
903725
136686
286292
963641
350323
515632
800261
651811
684555
10607
734599
223401
474752
449583
99180
559196
425775
993351
942432
130439
786953
720291
714495
119096
583652
169762
133145
206313
609152
590531
298117
831603
494235
928254
82617
272408
588424
382409
974575
286961
995363
804342
274000
836696
860128
608147
514674
753235
651007
323107
125803
558689
210522
11974
830008
306468
973183
125105
575348
303760
748685
499702
815388
822194
121712
664389
560207
433445
960314
377576
892140
941178
315288
729309
361116
870911
662147
993166
261714
95646
920732
912219
866329
209042
202708
121415
714533
134332
763549
646582
377858
965439
557897
686788
89442
573871
389106
591980
387980
276258
876438
157388
929734
976824
331859
854705
839596
21746
123120
328799
805457
879310
834580
259267
431735
235681
340210
734391
191599
581674
438999
75993
499694
146620
924595
726985
100291
58162
443030
664097
439990
79835
986821
827720
763546
493330
348083
898004
895733
633371
693604
57819
80276
207830
28395
309285
134366
404567
232999
590974
526045
117191
617596
144767
334050
43495
328896
497566
476877
439304
511276
906889
44350
27832
538420
951578
617619
72872
608717
727130
714613
969172
78981
275399
644722
725553
870070
575039
481738
392902
937508
525368
81538
286081
292736
385221
334276
577394
412711
599128
524496
236458
617114
998490
342350
286915
28376
600666
526822
463393
806910
607457
978838
925139
415302
599720
514408
596700
694126
787535
746741
7813
766793
263080
608046
897105
544956
884723
692954
553978
469026
872641
35773
219702
94897
360938
647827
930156
397272
814007
863210
229589
218712
140449
64790
925362
748961
916264
380391
567723
974994
768571
593
544036
649112
751796
738970
901701
948083
82566
295299
258852
484398
664817
551970
389961
546289
356930
718080
866375
340579
177125
124371
500248
493379
321150
89026
605968
551576
653922
795324
196018
44293
405964
716747
690005
502446
327593
911348
647814
384784
56694
511036
146465
408169
185946
629854
987718
234788
940344
983014
652247
190698
31495
658063
298117
76420
507722
712719
922426
457496
975012
742942
618340
461201
967396
806830
390494
114319
619776
595151
941012
172273
975050
262164
722978
249761
166683
230328
153580
982756
851697
161277
851400
275734
413506
577178
43754
167852
27781
101340
310576
382333
586243
976987
882857
623727
149013
857663
726967
107170
815798
898782
206825
400609
865672
537024
300821
46114
667677
750854
164234
811612
747402
350141
627969
100333
555745
530226
762369
293855
980037
305448
942445
642422
930034
363577
553973
179412
239465
140473
903054
214840
436312
707010
863994
744659
829004
258453
752225
845982
655220
695703
860595
252594
939189
771173
556925
298121
9463
783097
68537
649912
978441
395617
943605
999104
643563
991345
810099
116805
171430
155479
54713
659532
892177
361741
424768
50253
684806
969581
110265
817473
832998
695215
359472
71316
617178
485263
550007
913161
773541
173092
722394
540093
281936
601813
180582
558513
940027
952579
637856
131239
459032
34081
691490
55704
298849
282372
493473
566104
668985
313432
642687
397432
655323
904984
222068
759846
210134
106836
471726
425929
357725
970772
580359
954966
920142
128881
22194
109053
172406
82516
153871
267222
913593
632685
50589
324790
483047
288387
126913
842197
205179
336501
190476
792252
873307
679848
838351
141205
157308
921994
942426
813746
642446
94986
418064
163728
476946
846828
134983
635542
940374
321422
318785
209368
580601
647241
151488
952713
973892
725269
89610
570881
605151
472368
589574
136949
571084
55570
529900
662798
507351
53593
418151
597113
914358
292259
108520
894983
994204
567579
80694
785610
570177
86326
455960
725156
187503
850549
228585
536384
662860
483466
303676
767211
343800
169584
628389
837460
644353
887856
630536
996211
831856
923602
875066
948956
387145
343917
76848
227154
967211
392747
732445
640459
806724
984308
671111
444985
4316
896742
387778
166615
747417
846374
790535
891491
675502
705277
702845
943756
427374
134891
461101
778606
693057
242470
419136
271580
259457
899266
364101
387059
667524
971248
294377
803891
574354
889288
856155
487403
609624
662333
352327
744750
871985
961558
200582
272930
821008
262169
694520
401745
911817
2536
120945
680431
564284
277758
75346
235904
468438
806243
414508
406158
311094
440690
436584
592344
487468
323938
858980
209613
417985
519698
922785
124703
31045
185195
260258
516127
893045
998186
510207
219718
266037
307498
215549
373065
966071
951730
377052
350967
835638
945052
859711
243884
142614
300718
616701
502784
376742
161263
322396
177822
763391
328038
733644
676596
367677
658683
100360
669107
278475
651894
599049
976229
794811
249367
653527
787627
368243
110227
167868
686512
37841
701468
62789
772345
675364
361329
167893
553088
198038
599442
525243
723548
55902
626497
160851
316163
739568
412778
186878
626764
496646
963923
194079
968771
16332
94171
828633
615527
501559
924875
794968
902357
383789
73034
267580
183891
960496
959257
975640
129908
834105
462324
677695
163094
405160
477105
53721
818562
914789
880967
1099
563802
816902
741774
689459
393719
86176
438795
144627
241234
821278
706519
558323
766458
824123
630042
775173
758860
564192
999678
867685
906536
829269
882404
389867
440109
45610
600813
829755
27718
983460
254694
412595
379097
746487
794269
754951
537818
871296
714776
268123
692641
983834
890223
277673
792491
671542
766863
259012
371983
134314
173623
798243
161816
476422
912344
339790
92374
108097
265742
945490
76404
891572
826578
970039
890379
629521
561526
976831
596124
177965
958981
269995
136729
989160
787228
468154
898882
932388
377880
800971
990595
934087
316742
120084
411257
319519
448038
12844
261257
524307
712607
115748
309735
659723
886568
421028
551510
277126
378240
477387
586167
984645
362662
706596
948329
332297
809020
132039
705321
915103
875390
301323
471366
562649
971509
187485
270238
733598
85508
319923
776904
320431
954664
157712
325858
666219
124680
674953
119517
948427
206996
777509
436575
885266
806797
905965
140976
758806
752934
952557
926557
39801
341517
461618
937477
277704
938160
672923
102222
277186
499536
563774
616907
809529
912633
679797
463333
108829
185925
707769
502655
37517
23229
952180
411827
268332
59584
28076
259969
933520
155447
665687
744263
230921
26434
956492
386811
122370
832399
667421
293054
635137
475476
607479
999040
382280
748474
567263
980753
686867
935037
837559
149317
418666
450029
402904
755560
501026
212386
28298
824069
243026
12838
877023
51117
26097
236700
627729
606684
779244
304295
573636
170387
922249
692669
294835
324161
247365
949591
13336
697675
388879
257622
659671
965817
699145
792712
773776
306467
566111
755833
762626
414940
875391
439066
200122
61573
971503
483226
378618
64539
474425
853618
444819
751913
992069
899057
433795
451976
375720
54298
65152
119847
794562
227129
747958
793539
753000
2877
352355
873341
345416
307439
461895
683207
69533
189555
421942
966607
769384
822679
655134
906905
698531
901248
929289
15076
803770
696981
245048
47255
840163
259833
906610
46510
721522
951437
726074
344243
617271
182301
887303
15509
706426
409881
844600
884193
710925
659277
677718
958762
893492
253496
234054
850356
511189
407470
118540
848269
730152
524351
686336
440383
849192
735279
363348
171879
915915
433467
61202
761199
699739
969782
756432
937159
203106
450774
935401
922496
315572
378116
471566
163480
581656
805277
782371
280262
15954
360741
888145
210315
620406
946031
327818
346465
256519
809046
921844
240026
995940
712560
472881
956549
103864
675830
213808
44575
439308
271940
99878
920364
542416
690616
651812
849672
957733
654029
845650
567567
142007
200546
641224
584605
222132
202321
697779
530190
448458
616096
537512
887549
859085
792356
423056
79132
964794
87821
745303
511134
422368
876449
534835
660892
534795
210712
140510
290720
676363
920376
861247
445645
89799
293497
637333
165398
681242
791673
909546
745024
56202
87518
767177
537452
134264
74641
232482
145838
283373
371265
667606
191516
983103
271293
338730
544219
591621
15234
373055
24481
460534
727081
857169
671563
398338
171983
601408
575004
346886
720720
45499
906659
976508
973071
187220
870879
493608
885777
854957
782872
780103
736997
913711
672176
933923
549029
308506
898518
197005
71540
44754
535980
67086
119986
470305
581556
138615
421821
562487
102153
46670
680587
586956
377851
680851
668472
270091
718996
348604
492073
128417
614947
451337
767819
617210
836826
710447
256269
667671
517476
21268
123163
571711
690484
82035
552244
21461
477337
162602
313605
443924
642615
989979
606180
605857
855050
734830
867168
475823
970531
613014
125767
281752
517573
647364
174435
82226
226309
272304
327861
690847
366556
965822
11465
285608
299410
711720
400620
898977
747791
459067
827601
63187
263039
399651
725325
615979
334410
473513
261043
467104
87930
518317
455140
332745
626610
348991
388452
311443
251217
712441
683593
313009
411391
488984
867297
513814
64126
348420
63301
221952
29356
801837
254284
661966
387910
623352
74015
758371
597475
640264
868405
421006
173860
296506
838427
24042
15669
449871
712716
295834
321364
900929
114444
413582
550769
826647
394049
425521
573922
73003
276175
152100
735526
104203
945164
638244
898534
298854
897044
800168
664624
161171
762107
313995
72888
787080
356728
252869
596643
121891
205505
679955
772078
970503
517150
141868
892350
258328
371171
788715
152600
909318
348526
265630
692798
657859
354498
121555
262072
705856
25919
844421
469262
362202
713010
1847
736958
881342
45148
697625
45417
215046
947509
127422
219445
411099
860135
138456
408431
734555
358849
799176
871040
469107
40743
980248
30801
900241
980755
601881
713207
388930
242266
602944
535554
462411
489195
124885
110908
168189
553080
484756
984987
346110
564912
862320
792077
927588
750653
811379
569917
420076
713132
261470
502141
256766
167763
643314
188267
434964
502791
428087
2665
490735
532798
838886
577840
465345
478242
337786
329385
764670
527041
986855
494946
74413
502151
957401
955527
204383
16957
742
759814
420952
38128
152364
553290
870564
342885
172282
854775
673633
161557
291453
6531
180663
374512
695692
70542
937687
957268
226884
109081
942849
185728
882660
432833
855830
187769
28430
334320
269793
772046
461682
927160
646673
227537
901338
562590
931209
411829
670160
367525
741893
529010
501425
802913
839359
428549
175970
599448
93953
225365
682705
30688
784513
214046
519931
205162
218205
836407
770555
345560
853797
6494
484637
869301
300765
510428
905915
973017
874164
375560
958538
787462
438961
629739
340195
713274
715853
793595
394408
470492
377499
268777
343068
897133
673317
124435
882816
278769
869033
282663
415826
802586
167588
491023
744293
943334
737230
992290
127948
616416
309522
540638
717035
807690
456299
816507
330028
723595
273892
678482
906556
99131
40538
419050
863876
535223
539319
233754
236580
728164
926861
121061
42402
525920
202132
591189
981618
981719
960437
621098
220079
961635
885922
435381
741979
945819
621919
205818
872928
926704
687639
879306
640914
450933
872206
1142
506367
751879
25625
208910
576577
445376
60495
831581
159526
949414
88400
443492
247129
261057
994486
665637
566260
410479
171185
673862
337669
802655
155181
48367
814574
189945
44735
580409
755785
361023
748838
322808
697825
820369
646020
391806
350571
422794
108647
923200
398788
290701
237766
40686
624949
181106
375895
880510
563537
203826
512917
1291
20962
548610
964596
313695
365089
211794
761408
117003
462920
561614
52785
585675
322491
450772
639574
619756
173984
839317
478585
996992
769300
682310
699866
45378
660980
695233
149203
894484
203003
4340
634754
432765
888534
609168
397892
321362
697876
701613
462176
461287
374332
151723
299414
204966
180998
344690
212633
923467
621401
413833
837909
833661
530315
314465
821521
320131
597005
297957
727254
321017
711760
162163
135257
794955
639546
640695
898185
315261
729194
639112
863354
331076
454621
773630
74180
227592
482186
990206
389170
897835
622564
268298
328511
48621
637931
705945
892525
496041
370657
129356
447227
269090
672366
573818
241718
14446
563579
601554
428045
346983
295122
645445
455546
775312
186531
788727
892587
833288
30186
572928
879759
590127
250292
687917
979770
406673
450253
617248
158055
205899
349392
846117
146716
57452
809294
608571
295819
998973
421074
431732
680100
793116
310604
234614
95366
106980
198975
74085
608268
744059
497337
521588
548723
15106
490971
207658
397822
457604
838003
802568
578822
581288
616183
944186
146134
551165
427909
315929
637398
698063
836629
823745
624963
673024
132411
213741
436738
600673
394011
712597
959012
140939
566454
555966
459042
258413
377174
850361
254214
519240
918572
654112
196334
936262
445293
793909
63522
43960
337866
248903
284195
308568
628973
56932
578228
922566
995655
298956
273110
661465
316161
205728
437302
806442
160149
649315
256448
608774
133434
469073
549693
490759
340887
73157
407313
375490
438076
934208
151957
339055
62120
478785
895074
36246
640549
850308
84028
925771
391227
97135
310898
982537
677035
248086
96929
884953
875588
664975
570554
49523
854733
897914
591793
794124
266862
465315
184555
996233
812790
925151
725081
260346
628685
509615
930764
399696
832754
65666
215288
200732
511568
263379
36624
39364
407655
126229
934095
27583
672809
835790
148069
473103
619396
380325
158265
909206
638301
673363
482646
343711
369833
937845
408489
664687
726008
668915
247305
814566
827254
148160
887409
800564
616225
160405
450183
233341
194847
288880
903181
325062
485337
249331
526999
204719
173220
793148
691419
241082
793609
444931
708002
680025
366976
873467
625209
728488
987266
247511
857198
462972
72267
433149
319179
746856
182312
617012
476181
779916
428718
863462
860629
363940
468851
126884
488718
103181
819615
638219
66343
293403
170120
693940
66629
462188
559575
217082
172920
923226
363784
933841
494737
528729
130913
249337
447466
864799
449083
804556
933306
307757
463726
429614
28303
684397
729158
39235
825935
518484
812177
391320
140666
773175
481276
155390
667557
111597
112308
194378
181755
616887
20682
298007
650958
449384
209849
364112
640688
434053
815056
688860
487347
859142
831617
648993
383935
611734
33443
768680
131641
815299
410126
915636
220998
76824
467721
429823
923339
301593
637462
328758
385348
136799
797635
320709
533760
792580
232869
604186
144256
899336
780551
783402
550620
964529
807114
842534
591513
30258
628971
285544
390624
142453
119546
215747
110351
682481
894730
903128
487015
387319
368911
750255
638987
196342
930608
618098
501102
61092
971830
64605
684648
257821
494764
135080
648628
473101
308742
620736
599602
195970
283202
265437
803006
340050
360833
787630
611276
620735
524117
442874
931660
226937
180220
948035
473831
154061
740208
461142
359456
32602
90994
780938
745097
322912
915004
320429
13965
43823
840892
801889
286107
291799
737515
702333
886905
426455
84268
536088
974862
933295
335334
600727
834199
499284
315782
181681
377823
504933
554318
685917
257496
999612
368135
456634
702216
599724
779857
260786
38964
727208
448877
745281
254608
955852
780576
483153
860157
220384
272485
391226
649097
505250
572783
415306
573292
221496
88821
494542
579269
673431
662190
337647
389234
528321
972449
185743
344633
702770
7181
122736
224753
342812
679116
262279
497039
827690
56145
778616
176784
466975
174203
45092
141788
761950
600372
819605
911173
715529
52915
394757
116140
870818
295407
584299
193640
623801
465355
840268
849430
26798
227947
258566
965878
557274
894371
257279
774232
825493
798661
833120
344513
402562
114604
767498
295098
940858
932441
464894
334330
940570
942523
861796
210588
536954
713201
42087
487718
676600
385642
455463
782577
748239
529450
350793
839204
640745
348199
87066
922764
438919
42259
430232
335774
400400
900794
216354
743849
799339
402100
667140
976816
12838
145366
798151
720334
975415
474139
734324
670046
903523
529500
778238
257054
552739
922843
84426
625762
137628
96800
14805
50435
215343
993815
830338
86553
156422
627343
229447
827900
183887
291119
922011
799200
587063
495569
667409
65915
632156
379228
955704
242240
683474
696400
88183
543302
789082
736819
923051
383100
799543
262417
3663
338108
292496
296169
952985
61218
234415
433319
726287
779964
325875
343574
457618
179927
77104
121184
95846
725755
196151
594681
157837
467319
769147
999749
962935
301061
344164
516175
664259
771748
332730
147116
580970
652801
825176
512838
78623
556163
266762
464510
590411
586543
678748
151845
649145
574489
872255
834442
985421
991887
65106
50408
745887
93421
909391
311484
829278
228103
867133
496491
367265
359489
684841
502535
16131
534242
657787
766996
924791
287786
878911
623710
474417
277932
869987
257134
320838
215609
110041
763929
217884
266370
249212
753244
888045
736891
292170
410789
377154
932833
288743
326316
377418
533040
445912
957791
385445
829507
629583
907307
352437
745251
779339
687386
860183
465330
493529
225341
419194
799244
635267
564607
771467
815174
235564
286898
800114
79148
484251
208704
169909
319536
624688
195879
547206
637967
236740
644840
299900
953440
783446
761244
745599
450907
208188
395458
548762
803685
784343
469103
972951
53054
983536
59676
751807
466262
199319
934444
500359
456141
906349
146634
156974
228964
164685
231202
218978
38799
978041
743871
749615
312212
107210
1508
751014
739245
2853
560173
499362
717393
49395
293199
643276
205815
326167
657353
352468
109277
326056
936758
397257
783240
88237
353660
477743
912853
34011
916026
549210
562032
781323
556726
457290
963956
512325
447597
356982
637678
439368
908068
671157
620470
696753
22858
991713
892284
782950
435766
486390
530582
271660
797081
525590
460180
213218
691866
108430
872736
750411
195048
760389
350380
834816
596713
352697
786636
732580
674973
986206
389762
799603
974053
643104
607649
177700
404778
930621
444539
39366
834837
188630
30278
882361
240366
456090
380921
874435
882154
595863
776694
918541
770336
309796
879352
233657
903316
689015
885742
269394
108742
558426
57633
785493
3419
542871
142219
509629
629981
246388
458943
207167
917545
966899
386999
960346
831824
228774
51604
711818
810926
85073
604193
246876
558489
466469
783787
887961
537522
390759
253421
501918
804195
219508
679021
966869
540819
529325
230823
852982
648551
853258
762114
503773
573121
823080
465065
84981
476555
511652
338584
210825
701463
892427
752559
583153
357312
251498
208859
312825
909177
221735
91013
764173
377784
463465
541645
659320
659678
591238
117645
474813
427169
838040
284231
107044
743275
525049
357120
675087
438252
412759
887670
771027
379600
612692
606370
307029
226705
89502
524663
353410
363076
740756
891475
834687
709633
560717
241382
955337
995805
206525
699538
877625
666365
224345
767901
34613
179749
149412
893545
464694
62433
491337
717543
853350
275432
900041
664195
673850
367836
285417
493159
795787
569361
513296
551192
689099
323694
471719
687794
869802
966027
97809
69719
779341
376567
696110
982381
524725
455497
538448
283497
460401
384069
180908
468201
240844
623272
599057
28570
822394
235171
134268
738786
946297
73128
73250
79704
226948
41828
165569
187920
676787
381463
330347
191089
350055
292106
70935
745961
835583
1095
710656
624679
219392
413134
203635
81631
600464
979022
991012
937773
454911
986566
103892
343606
357806
680413
151262
695881
704516
710601
192483
994448
387140
62661
961888
153295
196786
285969
97482
3346
99425
65301
654035
625127
374646
110881
739932
429196
802994
899146
656951
359276
257772
529146
782498
523106
608489
643382
93577
571833
754849
32938
195635
671031
591027
619824
39244
203959
657399
760227
667003
913198
632002
955556
629699
702319
386563
675442
173815
455988
594879
110573
27812
490436
622096
498663
749763
455552
492685
641076
535336
150262
896245
269365
223560
769185
501626
918839
663270
609766
225139
985761
487915
753787
443163
97306
921343
672432
903885
325386
741498
329161
9617
496607
877211
917501
742696
920114
376262
51753
756277
479083
600887
172775
589895
974024
372703
934930
84280
479741
930807
247965
970123
589126
511450
207513
195833
5614
539942
616933
117505
929362
43041
318746
144677
557195
832132
882765
706452
425633
945556
221342
189953
531586
929267
675462
181606
341069
533738
561010
768139
459499
804471
911154
993172
208717
128295
653150
293758
478639
933195
971013
287601
336581
769012
317581
282470
118583
150706
665249
615050
987111
872600
170731
823401
894896
335240
769009
914079
921391
988395
196232
20358
533530
985805
969199
401704
913086
595737
233042
399636
670359
19993
837195
237708
899366
609108
930620
136395
923567
469083
257001
589547
925598
951829
166700
935242
613455
475388
981402
576206
97201
995879
579146
929843
984497
545632
139412
271084
604038
17109
49231
665121
313255
355359
992681
126037
24397
217939
787490
107011
373628
80570
299033
869538
887716
775575
4878
571760
805392
639268
816640
853666
445426
766058
705311
487900
647235
83189
704304
984764
444436
984662
972614
883733
130165
782091
543221
223266
400003
229126
358406
587271
852737
616347
606156
904169
978905
387182
137221
462178
973456
166183
522703
609388
785382
450618
699195
832526
406818
124097
986201
938918
835849
633655
142347
397979
306582
15430
726969
78547
477663
358373
836243
672261
273393
742190
699618
11472
331120
555069
292498
290590
772267
413190
2103
468418
649119
229356
904603
8658
707045
771801
810916
72237
829445
563930
464265
973012
647013
496252
530353
149407
495761
104973
786386
679852
919841
531415
801498
318181
739235
808033
397078
914366
812272
614556
97809
230677
41229
260762
657707
360115
68688
18509
607386
910238
17149
113052
200933
762237
368269
833946
855981
938652
702025
214732
952525
292801
378822
813043
12703
910742
562480
440239
742482
303085
828515
909077
768653
486830
417954
480379
303371
789228
23831
169336
965058
150683
171504
928734
448944
862951
944499
990152
841930
733344
597111
486783
1129
973540
614454
188426
320906
153975
157715
835300
320724
40286
127307
689774
701249
721474
595554
540347
685245
679250
743672
422003
362242
233836
197851
211303
163029
944697
681512
293406
297408
889497
351905
168266
871933
398065
803572
351473
80938
623024
916885
311714
121977
549681
532579
924161
670685
590837
273366
606427
702832
225463
627724
327548
437004
364535
896817
514515
20662
991183
299749
834823
785063
657124
171874
688699
101017
239927
631415
352091
686797
717569
712245
543934
539701
833929
720869
312371
514374
288772
821472
736566
880288
268985
455509
776129
554635
924289
138684
220253
736149
599583
667626
873811
88812
111169
132906
578694
349934
331165
635133
394673
9449
100139
434415
833631
254887
857021
157149
807699
196125
909217
173248
419535
931460
153525
658910
280328
995303
55723
30206
721500
283145
214836
291409
601524
244266
219925
82187
140303
701756
343507
180561
620542
903938
167440
511272
656309
242681
434406
519169
176987
793170
773267
651895
990216
488949
453709
751724
717815
188815
781619
248186
238661
883805
533402
878267
325456
508442
706670
693450
551248
752630
41220
272563
518925
658053
920326
774099
258049
292494
403682
452281
639693
435849
122076
533736
689066
435861
650611
60619
143831
17135
231545
646135
227688
420208
724331
357715
343130
314090
85201
494963
614909
786871
685108
787267
366857
638883
78790
430739
746289
734485
94829
978040
520393
826443
557846
486736
148261
163054
103419
560802
156305
243072
881139
244502
401254
432526
79178
928476
831497
629874
166116
835459
442812
27527
851981
452819
246500
551270
179482
693403
532918
791875
94806
364301
185696
