851835
125867
803412
271953
422010
764816
589799
163517
250724
955992
337055
890891
468086
70457
259577
511020
971061
885502
263220
745682
21374
604837
243066
458346
48264
316532
54655
128108
486323
791419
958797
32181
509590
957348
805086
820110
61327
414081
756402
684844
389503
195332
782113
503261
828540
531621
682125
902204
600970
306585
773351
760722
765077
553561
630169
766448
995434
94798
475788
235237
301025
607769
789789
751539
319626
508111
873537
783018
883221
153712
826340
671600
888158
680040
277248
967549
559744
664250
858901
192099
676373
5579
186766
20950
67887
199043
507754
411341
862500
339460
120590
613563
746113
734332
625421
230370
921017
448097
352682
298168
343100
897713
270323
453604
435436
219046
142522
71336
922969
984692
355393
13481
57640
826637
29289
110342
58512
748898
997937
719562
949166
596218
317360
104618
160988
373241
350161
729765
722743
48338
618277
437292
884177
30319
221436
403098
530004
751193
309061
438149
497377
387681
103162
661697
88957
806568
50093
831725
813979
218430
12751
777492
409107
516888
749248
873795
649874
759033
187480
707379
240045
315815
523080
508501
735467
988516
13202
172628
992825
137419
536474
489993
605549
382502
411947
954329
460245
165719
670494
938854
284499
936274
508917
340368
225006
413446
797108
820245
135896
887138
170319
781747
861906
295850
436211
345930
412077
522136
7576
958576
480163
904039
740991
210372
885994
955211
801724
653340
508044
965582
595976
897699
605196
142930
896024
27791
255837
414802
548112
688229
435949
584334
254476
524737
571156
945710
767317
487710
75200
425659
896403
472116
793846
409655
553471
885914
409770
598084
102636
642278
897781
188340
150183
513370
333756
722781
167575
652559
46265
477406
558190
857477
758652
598851
546783
614685
255109
416437
715956
632351
220463
572945
670190
934544
649620
533266
147167
469799
292358
500480
671637
847353
999660
233838
186736
406634
275214
203251
505038
882533
612560
741636
868014
430776
161775
94589
731882
81467
532892
296421
306168
570754
774489
901260
991571
502877
20626
897976
293604
45776
941147
485668
815350
541043
949857
884757
975012
375065
412563
321832
896326
817951
821141
852848
709262
214268
953673
455482
803789
484231
327028
808708
953278
247700
260342
21606
626442
470812
928859
481629
348834
60345
519848
64488
100300
210369
855359
449914
925374
754394
959118
632320
190990
683589
821834
892093
143030
595228
937393
877364
266761
448568
497728
295699
535066
970703
74978
315635
696395
256801
24826
802302
56095
548282
715347
802728
412655
288717
581289
802879
509493
309545
124770
922523
858815
431329
113647
709057
637722
585435
433509
365843
560615
979580
576890
836882
365325
519232
148626
460321
624705
712699
207299
54658
909672
684928
188902
593856
630528
565189
88511
69789
150870
971831
888127
105733
253549
782798
394595
484321
194503
8579
489565
230937
443655
500251
853609
278750
243010
403198
502929
723748
305101
748941
485544
49977
664206
470535
997441
184968
543351
125005
394434
879446
130769
401238
778828
103733
695538
932216
845120
881043
451177
881260
125776
762025
709563
765340
817667
581030
855132
258165
361311
800963
344211
127815
911507
471634
946961
118338
663224
751441
726103
782251
922908
477707
38310
130428
857788
612785
180408
296897
216425
363200
910521
972452
39975
554235
124835
590543
2661
739217
924733
778640
662708
190492
782124
588626
66564
584656
484874
290694
358024
785511
276222
594202
480416
387441
898270
924389
787530
164015
459988
733336
951387
949875
722312
432188
611422
263214
401628
103450
254149
141126
915516
903569
741043
421570
711965
67110
342310
57649
51390
49414
653219
110043
619527
134750
943633
834910
872492
352688
265535
524093
870133
776884
765333
71435
191348
709392
659671
743802
123905
768949
185478
987854
809183
267213
117349
978957
631296
533599
163322
145796
777476
725139
482935
403489
519444
898398
660599
154534
182852
972735
60596
252857
835754
206486
464548
823956
978509
169946
776094
675554
961263
374279
170972
779320
33022
769243
379084
772224
637372
147987
378150
143022
131117
284962
190288
176791
725478
551626
429982
418587
583220
574762
731013
452867
311987
567114
963782
849622
352141
318844
957109
559487
968090
661620
550583
594713
672539
809285
603027
311089
135214
809356
892200
778407
601236
356843
115738
37116
346896
998571
450616
557507
721274
972480
659479
369137
583767
691256
154084
289172
585490
953442
769049
60037
522545
122429
101453
475712
996453
498628
426891
324091
442024
309131
221382
235297
177623
481939
668015
714184
191985
518534
972302
705737
10621
790355
49831
448572
270408
854774
656362
982140
203085
392335
340382
898409
819100
956117
650785
627251
801457
33933
571846
484070
570115
199392
856447
169928
315894
631714
367166
7144
436320
914847
906317
902569
8508
478942
736761
242084
344841
168806
15396
117961
252910
531658
143965
503343
861964
606744
169552
12139
469190
157498
261252
146384
927553
679014
4896
441928
639447
741632
542596
242871
308148
43719
791479
970246
987690
697444
743852
509956
659445
21463
670605
250568
325129
973782
828153
469225
515800
725547
31700
848122
388346
470442
992864
112013
656284
44567
747419
341858
674140
204744
307296
989316
191127
165376
623575
38964
568964
971349
346514
145197
333590
583780
962113
350294
563149
275495
912246
215304
287800
406783
466849
752004
791768
918747
88550
196644
172762
736299
476803
830378
684564
191675
560498
891394
657352
905699
311676
573451
200739
954256
700021
49457
908131
290012
578810
927371
98038
540090
226563
379566
237508
180414
364208
434817
430702
553707
302251
521318
532986
610269
972331
419978
404634
254193
345308
700967
481815
485876
187207
127018
10545
580343
817876
823058
995731
490148
797922
194011
376250
845685
4716
572260
780742
972436
521018
340233
715603
622908
971427
495709
712565
329480
853598
947316
414952
640785
922715
767632
526486
224208
536357
414438
904797
950609
108012
302786
915408
253191
921424
570447
497985
744410
907677
721205
225064
534289
825559
998116
363544
97927
892551
428361
765452
694520
127584
910121
434925
617835
935578
827813
674158
128391
370716
277327
324962
385179
259027
770487
742852
400894
676602
672095
671684
364544
596718
122937
379647
400470
797320
200420
439455
906129
509489
82303
607275
980879
46961
879522
997537
691382
228504
854969
68530
994995
870658
534392
401980
868702
330020
513301
869336
422365
282125
911680
175094
418741
126251
113077
669613
156740
382102
937920
693301
151815
407598
687150
632612
580290
938757
957160
597635
217486
430176
614248
424454
652190
859971
920405
286758
772472
151963
846907
419628
192438
5939
814344
628984
418094
90910
913272
744198
60788
161190
435370
211001
549313
935649
267016
885171
69750
293519
647849
40660
478976
284164
327429
600490
329263
592436
574971
706407
87257
717675
219441
986381
104379
112364
864823
572126
454080
555533
215457
229782
378293
803296
939719
352005
789753
33892
345303
382611
554540
590100
360002
443808
786342
348854
589229
7911
683373
872323
734287
172114
479483
132188
303057
977679
792556
91237
192098
462260
807098
619320
580671
313057
401269
94797
312688
687309
361173
806057
31831
455585
660314
684449
389911
284136
460378
982097
647559
234557
578897
341782
294383
471509
793075
251204
730170
889482
433772
283915
281925
732985
997483
629785
490134
48047
111234
294310
711461
733123
500164
943646
630887
691644
735951
545662
204425
496202
489612
890161
437289
505242
339790
88239
448132
654082
158944
105918
228445
659468
970960
598239
91064
269101
292262
648937
122072
189161
177054
290110
449560
634526
92372
497772
246316
320829
61177
204933
398009
476258
455731
91540
551613
466030
742839
932578
2487
244006
445057
853022
212888
707636
593251
306884
299555
756276
130889
416975
617445
552250
421585
192121
840333
96641
921576
256109
981364
122122
344109
831850
681474
454458
158653
523793
293273
598189
991380
509583
490163
863073
537012
301929
986646
876277
852786
274362
758496
674172
774675
114654
562714
829334
423452
912895
982436
687377
799927
553389
136198
695968
301678
152527
483385
948349
356304
205660
769136
495349
276805
818017
837525
532532
53210
103304
761482
602811
922913
311444
810146
174911
625344
391811
700805
524884
574546
181730
815844
136702
703168
62003
213035
392053
272102
374159
661475
795701
96291
64306
912984
81767
635708
131500
5123
547510
140288
162058
912463
551269
81555
794674
789334
301627
457727
258739
53100
554642
610587
138531
644158
826528
252834
97724
686118
737973
759391
733865
471242
768859
8891
762440
326831
21210
368558
115358
832467
218386
725416
997635
591379
224538
465200
868695
687594
448850
229858
553419
266625
554110
351538
809359
335411
909701
230258
657255
648466
226115
498813
519692
268186
592566
183480
959985
136215
457732
882369
961393
888966
650917
536613
216698
423019
243994
273514
259134
536913
264977
709827
224560
17452
267366
102657
503004
273563
182925
771323
794318
371368
986419
209766
621593
124913
857541
362896
229914
325316
461462
281376
261804
784209
451149
235063
812535
479654
899074
14255
697495
537553
94481
708948
278797
438650
341578
39708
434106
870722
28207
41306
977489
403829
86249
547116
464645
884415
374971
17629
82305
521888
832768
390838
758651
412965
306539
807828
826642
307806
973048
906001
865021
574237
565291
137720
458857
542048
776142
294516
593869
463132
123285
886035
656265
537410
907403
266492
18715
909308
685229
454953
797561
209184
719967
628932
715541
681402
5217
580062
445755
285696
564168
213085
516413
782503
160110
650222
397761
118914
406922
112613
949207
18715
499548
384109
210870
98851
181604
268756
840635
801297
80036
325597
204484
444338
911760
873235
9025
510948
277038
281067
201367
654602
125150
427873
638288
256658
686823
754130
114960
438431
648174
78194
981328
298366
572904
570669
291018
982630
704456
108588
342810
740769
163775
217360
865223
602349
976167
304133
431235
168154
927054
599547
271044
273184
745770
778009
388934
751277
332975
904561
593843
291063
311841
985723
534896
514556
899492
240603
711456
771488
658754
496951
180118
115766
263867
282889
754729
400703
159916
138519
718207
919913
248072
360709
2682
983807
920331
569917
838056
589206
129490
73033
367975
86891
648049
346533
573235
907622
311617
440836
753191
82842
659452
186667
907941
663064
886220
128541
14446
712416
325961
253622
63541
659042
101412
541015
55574
832003
704948
310072
432212
657958
233556
5019
169231
961965
570520
178498
687536
304585
861817
359180
416387
802581
921235
719402
156344
712829
107117
32400
55536
946836
183019
577941
75815
584509
824027
701941
246866
563353
332559
909835
238588
42339
685182
433158
92005
622692
669342
777124
782468
831587
467828
259411
23561
602824
862524
910858
660079
432227
137612
585982
20877
892417
974321
550338
320216
166102
801964
325743
978998
120641
149654
183762
230830
883162
4064
208390
661321
932696
669672
563589
731133
334127
592193
420271
248744
869747
629996
920543
532766
200972
676142
67376
693142
217034
363119
981640
177143
442334
833625
437706
311713
371019
136159
400454
80008
896245
349828
902862
587799
39476
295520
110118
498026
302576
125160
726521
62696
979928
456246
467975
817724
200383
666697
756240
302665
861669
90076
568253
291819
988917
270869
752137
708501
327272
428168
238241
77117
448696
199137
566333
675711
790799
645261
987831
98295
290628
819994
361444
790814
166891
273715
188464
445273
862207
242146
834864
715251
95237
654477
971819
760931
542872
12330
160234
463303
152172
35706
859622
664565
120433
380581
706201
213371
326888
959361
518764
890091
590910
373519
315188
840130
505590
63451
363608
816830
731683
465129
329899
139304
63143
939712
267656
727719
646730
524386
444811
644905
359065
650889
644935
506210
136856
426434
666157
425553
32409
26122
785716
810265
565695
272356
281686
875169
588540
250396
443372
379376
823030
723452
451963
200394
525766
974519
134390
226250
928132
506787
21052
64825
571581
519028
680159
110618
402566
858324
653871
142029
117969
887664
708958
250395
959161
724503
731504
658167
367541
589592
594457
98232
826601
209776
925506
953826
944497
787954
189073
950317
486713
591724
84329
3646
345332
830612
149460
622080
488547
659583
353522
183521
314158
629935
91476
866331
738988
516111
271386
906560
937081
404751
201955
595888
713917
163480
91961
980739
2242
216235
899015
465336
15055
877933
442657
150987
549898
584373
388355
170352
535174
283230
109190
796360
481028
682218
463824
980987
312225
941647
845133
667147
359874
976227
611384
619371
525009
719007
880921
651009
648057
622222
365278
565392
476175
332225
284750
422843
761115
277665
917616
769904
206182
236245
246662
938888
464436
56835
308180
432942
328632
390818
220459
518066
683673
264366
689055
613609
39116
109213
74091
417669
682795
669447
571714
25329
932705
21253
845713
844952
573880
167747
789502
437467
599010
994395
762264
35610
752341
914513
868157
239850
506751
598015
47514
239327
821410
369340
319668
591386
78736
53774
438213
800973
351618
925700
531527
370063
301664
565172
587382
718517
829214
346385
117191
610129
733265
893171
255090
943972
121051
43238
724525
659498
48210
292403
492442
336424
377088
331271
843202
431119
829051
867661
487460
523733
93831
726172
944474
687950
738430
959908
642025
774003
938075
178533
62875
345589
814215
525643
99882
91097
428302
82631
636228
787213
742793
511284
242158
150247
4750
201689
324905
547573
704712
996401
78689
750796
274620
334985
380708
304342
703859
385620
427839
162226
188816
406741
97453
130576
799234
873684
492065
63612
327107
52653
215158
197897
76644
634942
659428
471375
131500
164856
310989
836233
763359
689025
187290
474287
896868
511480
994535
930423
288712
782821
524861
801443
930840
927052
320213
926491
662216
402828
411277
376511
125406
116041
213572
677355
359241
197506
340159
134075
304464
971131
45773
983212
679436
114626
694902
386963
202744
257416
667776
244456
946993
511181
429576
806828
990671
71852
131495
407157
539525
929450
942652
722308
570406
833561
358517
293406
655240
220468
571210
80701
113599
574333
493523
263472
798625
962926
673944
86824
896142
403470
327336
812867
200282
977369
694573
819485
99295
149633
373883
153769
530339
319590
394362
479530
425768
741412
958088
36197
17681
89543
348042
911602
219864
30138
540938
649605
970655
940835
280912
128844
232775
997466
692393
719977
214320
725763
212740
897790
727825
487674
52243
297137
696918
233146
197213
722960
45890
762747
748189
841684
994997
981986
740963
368267
799745
599170
786457
393605
953809
465828
685732
784989
613714
98579
47307
539918
621915
468002
931949
362158
647598
196220
344995
982084
541243
948744
765629
444736
672381
966061
65254
878375
583630
943952
501622
599521
703257
573928
294187
469109
918385
53668
952056
401942
936536
659813
854286
879760
541900
170045
519442
532171
131268
722342
268697
864852
741796
627232
390369
896597
3713
805976
616079
876267
137071
600493
4774
230371
372353
95612
64207
741186
257156
934731
94469
173947
84453
487078
249007
300758
417860
141504
778836
649022
696211
849157
885947
960641
578862
463672
6019
668927
641226
874693
64577
199622
242500
622112
218605
551369
477161
795060
420629
824276
748580
980474
828266
981285
816997
204513
117300
793074
360084
877746
884725
158833
285503
7355
116517
490732
447373
445332
530650
131626
63393
916779
462141
899304
803808
129361
734372
330480
884963
847375
134920
532965
547243
382439
948612
935881
713082
38391
324620
609309
167368
751881
321790
712845
698661
685404
268535
782362
384823
698451
429103
839513
801448
663671
276839
284110
607148
692925
421699
981106
154405
140465
468553
472966
932589
470266
20932
352518
230534
614776
736284
781958
419245
875664
203746
986228
434550
240725
4862
486626
645562
904329
721122
41458
555246
555815
615447
168151
966079
928488
933616
788308
980937
642160
957329
688117
662058
242697
453814
715834
969160
71831
113571
693506
258964
495015
472208
463855
357708
720150
902814
161441
905526
581987
223417
862704
684411
766347
946393
384310
616259
705165
225348
464566
319204
356811
346935
176490
453541
457244
722207
774410
163121
77794
909495
689263
351962
970078
959816
263712
75429
271422
241378
380363
717217
869218
21139
135638
326410
245356
262603
39333
416884
477518
476494
803486
767536
868253
816218
607096
982434
808547
710681
263259
300216
540645
31309
561031
471363
578675
354463
283843
746067
65787
154567
188483
911881
817396
841121
292131
126869
479281
399496
432565
639260
761628
896328
499671
189864
94351
895131
16675
475994
595323
298806
852079
266257
926043
48164
87514
806952
270900
447905
970632
621630
738070
576960
292737
221343
943856
84829
242388
911476
868821
302879
417581
728295
443170
797800
78000
499305
892376
634278
882522
43662
708508
207516
994940
180672
417830
986298
896837
846075
952504
374026
266945
992899
322405
523349
173634
230300
249034
244744
906560
647512
408769
897615
776568
287622
852430
623158
440498
766974
358973
305305
158315
919535
621927
530948
45160
591976
611756
3641
734675
397325
272282
17142
967056
5929
14323
425784
432720
238561
12609
106719
859646
731159
80243
841376
21329
634176
518904
517062
590247
397615
784382
365055
943554
786453
476875
667162
69801
29067
31637
614480
999
48391
676699
438033
506293
157751
628183
137341
141322
477235
863837
902864
917448
653358
210705
384664
915356
759098
685504
64361
855683
833663
750716
478324
511168
196665
994929
12911
424661
903064
904217
658974
465934
403252
785397
163888
789467
910658
471207
514444
628986
184391
810868
802822
592273
572405
475790
937970
29340
506830
41043
818562
495205
678445
403354
853190
169482
315987
932811
506795
587430
714927
249234
659551
166544
304234
941600
704060
158268
268126
26348
86179
39168
69645
927215
624741
217534
243330
56477
430379
934537
971550
342854
392697
247670
723942
390175
920119
821574
624196
889046
284592
203326
653434
848292
171212
482121
112319
707072
276804
223521
879834
533761
173493
513804
58172
54083
867717
414359
313631
861259
19230
891012
899849
507782
719906
520367
675736
803869
987523
110616
349813
124150
692027
326807
464166
378857
925531
3876
274294
672095
887694
586003
321760
836782
417283
542752
332080
271029
296602
549677
885018
258586
984533
842079
293260
714791
711115
653756
731844
950215
338023
216399
672673
86038
358333
680045
677320
82737
31676
23173
859152
632824
99406
580602
681694
465308
571210
481897
70214
717044
219345
837223
427100
359138
240666
14527
728663
577013
227593
554473
600153
463593
654903
466240
158134
11745
985041
338440
547546
940216
528186
200233
828334
818429
803150
396588
725227
772963
653583
767246
113911
913125
550761
299068
26754
393446
743997
146513
18331
394365
602382
125910
743086
411949
306511
296735
986971
541926
278953
194708
269167
722738
421183
422150
114756
939063
689271
276887
456434
281636
346129
880225
388503
431204
440915
929662
5739
787649
827112
735450
90917
981794
820488
453612
899225
647859
152334
126960
895887
988657
698876
265624
51160
438829
334564
189215
525924
951006
884016
205606
285471
735701
214844
966518
87516
876028
519080
785597
388292
176979
355577
770241
357911
230230
37826
610840
557576
227326
495296
773327
678484
631762
769768
167264
141336
291661
863530
963630
301462
427778
256171
250879
716838
127065
330719
839307
630607
508906
270472
227230
849790
948968
324302
31150
699131
901185
959655
887443
260183
993055
104713
463782
292382
704626
237309
701671
884645
31076
6579
335058
623560
253422
110786
779836
230562
379825
899918
326390
493582
329302
952098
434310
128205
180882
75200
942595
715569
734083
462280
618702
775027
358790
937839
758914
8837
496908
397147
29654
234665
894463
723137
426671
300751
698417
17669
989726
570575
86435
475699
444144
851943
706910
361477
428240
644223
134053
879901
747254
997702
369971
194671
916073
43103
861211
588434
995158
872343
127663
126856
499935
716964
405559
967724
192153
367537
67339
680308
614407
894498
96200
130161
883472
736601
405925
229171
108408
680617
387885
348421
921097
649825
712427
995864
476409
601977
270532
592548
811247
329113
446108
353850
374549
719961
228853
214037
377465
971157
367646
57529
231762
829700
752191
810919
61840
78701
42083
985424
696358
866730
407475
997736
251667
700588
50744
650459
251617
8830
198545
355063
299004
326211
203904
286387
573708
802885
984673
5491
658978
731605
463562
161736
705560
168696
729257
68972
731482
478584
351782
684907
240124
892796
519446
404187
608981
388
997450
177685
268758
189069
650545
982228
713076
760365
91988
924860
999267
754480
68677
196169
49645
496671
633720
134578
828820
361519
24329
139528
668035
564341
839133
882027
898269
286598
262735
306520
715124
596399
833958
654489
728639
557760
148662
941399
762644
654063
951760
708061
472068
310654
337517
993358
494065
674143
609294
574298
809197
933437
634495
136225
517860
788239
596395
76015
504069
353542
298839
981300
596312
134173
670145
869993
740474
877622
675396
873768
160967
83954
458309
890623
241133
539591
346365
301566
443146
832201
139691
85032
450799
63945
991125
215056
171939
261793
181522
147860
339146
275592
763979
90329
957899
845943
48104
268930
749829
427122
92788
844462
538147
220338
786513
458072
247654
896908
927302
312132
552364
885466
548804
570636
228615
733212
563292
807940
404068
122987
643056
574769
184230
402377
131153
200253
416268
236942
2530
659995
946400
504783
213106
428503
342188
613784
409302
618976
973410
717379
309268
30019
223361
860884
242434
485267
530642
395731
743959
942680
634204
536995
127323
411252
132544
874040
597116
92460
52326
694155
572894
776609
946739
513343
477918
633631
932800
479250
770208
623111
73624
96162
375476
799913
252991
896612
429985
868709
836790
613543
299870
710256
531288
786184
639462
100735
191392
830304
240188
149117
477935
98783
308071
703745
507392
836338
295683
103848
363859
78762
797604
3947
607570
934266
467885
545483
241305
844747
527950
62543
37034
139481
493616
134143
861218
573537
538149
249272
395102
744034
22932
765878
553050
312139
695322
757067
644944
405245
259680
273319
787470
666287
921347
362811
750210
32786
778271
648345
956333
525630
858279
947739
415424
583656
465990
664380
794360
92227
794051
972358
184419
784
338440
301324
639580
41692
791587
336227
681962
958750
673176
731376
846882
165597
606716
180736
54198
211209
879985
423760
442900
997592
296611
654881
133691
287509
655222
232084
586800
947230
756389
250288
693638
281909
837755
787301
944088
735915
544734
179996
8507
184728
329976
152276
722013
597448
164764
143674
394712
299454
804178
878987
378320
720494
529946
732620
784108
260505
788661
377257
43659
391086
537088
944286
726275
468975
992370
497033
858086
241478
594796
941344
553549
864830
919567
571826
197528
813364
489507
376396
256491
645554
292373
100142
58048
281160
918596
33835
35336
964344
10350
12418
480069
206225
970241
899514
157700
199962
506520
561045
707259
38839
725604
525010
220686
84934
952282
188750
964560
392505
338888
431868
323808
287629
186296
879433
796244
329342
126302
380472
588277
343972
480807
32953
393955
836705
923565
128615
2672
949317
898589
503739
394959
67220
141763
399506
673609
667385
370696
118689
301315
911219
777900
709701
651835
807548
788324
796255
967174
243985
66867
348726
784320
893499
114044
335959
773874
374534
591707
924366
811728
64244
446319
335880
825421
902400
987563
519275
813038
732082
445044
138669
972543
10806
436232
48538
828893
464892
630725
614211
43785
936938
90233
726044
437815
885716
222827
437127
375313
937477
288351
974860
809219
517908
701773
676382
153556
932526
929035
606512
334656
515318
820601
592932
531
164478
395723
295237
642034
219868
9633
676356
773433
676432
355991
112400
147751
690438
908512
924635
589405
433897
679303
830806
771208
95865
565989
958811
861028
85992
425162
765468
455124
936437
77994
338624
746237
182126
712792
987772
282792
118937
316135
873502
700681
758405
456441
446173
70455
222799
228495
353567
250560
469449
354321
667954
220035
126122
219855
535066
148495
625801
855741
149808
734226
715508
898783
459212
133573
867185
755925
597270
867470
498558
772552
700695
780410
721865
326121
319762
551239
724097
849341
103123
801174
775592
107503
54009
335837
281486
163136
128047
350565
581086
625601
90493
309263
779308
354258
448429
753413
536282
847066
449358
125839
846340
753259
541240
437876
389522
867667
34561
297029
544886
925202
149118
690686
278244
866673
474794
921117
194834
613341
898938
965225
277538
826446
216329
285075
611015
204895
882509
619954
819549
863877
948834
19324
780194
596842
273664
154442
777302
578010
870413
138916
215564
641475
563418
741449
495216
791749
808180
446988
615968
730490
401889
277237
597553
775337
542201
948135
650897
972885
728137
439049
122539
907635
511490
498659
984606
499212
518577
404847
700813
498600
847839
252321
284318
648316
889069
780039
301836
673816
539517
985090
567493
723584
40266
174116
884003
803268
890920
111921
555983
899900
773879
259240
111384
538031
531025
765920
300706
65568
36454
714538
848990
293050
580967
777533
416899
943187
688039
371990
191230
404133
637569
662823
809976
802368
957339
979656
909699
669643
644415
919551
955485
510006
566942
36224
734520
341147
932707
191346
109979
32763
148710
981846
551459
960155
495825
424846
130248
22072
453883
997855
614594
998874
10585
263798
674704
804184
254968
318237
274164
250066
892235
922648
391239
339823
266939
534686
836837
311897
487955
723235
327354
52305
458708
859957
574550
516724
271656
220006
478503
875511
343208
56414
255501
725160
959626
643375
408335
220147
235523
31525
922705
278942
645450
575062
73673
45562
22666
155865
792249
590044
51866
487429
329186
400108
969875
607964
435945
138039
495016
454009
733989
953298
635082
662872
617759
128411
852033
847680
650146
180477
858927
594700
812169
469667
109064
756756
310765
996843
400945
605813
854
375046
735378
793361
170430
849356
295555
413132
345193
398983
945913
655147
680134
24374
336006
647498
839771
639486
550293
921786
134365
461397
924948
402461
823510
529388
56241
345038
737200
549952
330880
417861
770199
402012
241550
765134
63591
435534
232182
393309
978152
974875
127329
893625
178454
910618
42927
528504
223965
538435
781921
675796
773644
673935
573003
259733
646041
819949
697784
328548
491317
52209
303124
567993
932673
474527
760511
696248
268320
99007
43303
77823
830477
723596
745401
30227
904738
973369
481761
701274
254077
338854
482206
453412
995018
844088
40829
173351
277379
574366
26292
513030
858137
609475
880179
664044
385133
612800
837901
723544
566726
431462
812895
179065
314500
421096
618125
728366
591346
956458
246639
557339
2184
38095
667002
198647
518139
676895
672514
513232
359540
979240
633613
759436
286600
316046
267731
790277
358102
888298
757580
55388
136404
603752
166377
899735
72340
708184
344568
282999
971625
786615
30572
786793
718506
615270
61468
95135
533750
722349
512213
677851
546043
908456
563193
746392
333565
392660
306894
57958
278177
596430
941107
424853
131610
463400
186608
983029
976269
989547
625883
97935
249730
595258
217813
176848
764974
254074
802994
654659
53309
86736
498872
281047
568082
183367
490865
650673
811456
53004
919712
959421
500291
843245
870184
431753
438399
250873
502826
185305
834120
200948
793015
393447
687940
702973
821183
356564
26741
599917
501727
464220
41594
784478
859609
18761
466802
265295
579056
844822
97394
91477
113126
567758
657503
629847
693294
634572
515441
730840
421738
308395
717870
160761
183345
2410
817677
451993
876823
305855
520881
946982
75658
913804
542941
629745
606900
130159
562891
519580
758951
361175
310244
519622
634411
673477
467277
517335
643228
265607
115915
815894
869160
335564
236156
493747
716498
750076
490211
436171
230185
171973
57488
688197
664158
30391
493251
438762
230511
312690
878677
541610
7016
8574
368770
834980
919823
594747
369410
788551
644017
103016
554245
268476
767872
719906
145684
541715
65412
167572
848846
87328
893917
356046
473648
767766
823368
657160
461398
738393
471677
549945
21650
123684
722684
428900
957574
377158
678858
252359
722511
75880
570113
206399
337349
954931
608223
774898
35050
568274
59865
511616
581329
553982
813809
416365
796070
575580
424465
242053
941566
83058
474023
914339
22465
236047
140144
552686
756940
683163
762252
508611
666761
488870
902481
485989
609648
473193
126447
779013
391882
893008
828188
486383
961898
808848
349898
881067
560035
964587
788418
690197
387012
237991
798112
815383
773726
274496
744727
970253
860706
732030
574203
838426
87669
720589
60930
331056
721390
342926
200886
328962
735033
75941
655694
911327
791322
397200
576731
885176
415797
664720
226269
238199
690781
571724
259440
515688
438979
336346
465901
724655
930669
367577
639670
617090
857237
966719
540352
753515
757535
154741
650370
519549
185852
330772
284799
836193
985123
417371
636778
842246
793260
906245
724675
438582
771720
222259
993794
239366
363056
593270
129915
348956
85950
283705
952365
364536
718624
564800
298820
775678
575038
162107
793872
561157
40177
896386
704812
870125
448278
542987
417650
253227
794448
398782
708244
425085
367133
517128
826808
19486
380971
362812
196442
971668
733607
515003
677825
120465
143207
388988
442229
448088
688267
203272
945637
27581
245181
40627
238398
460490
834985
828809
411452
939411
982152
951334
887056
779123
473141
895218
663550
900861
842216
884586
814122
176968
653481
612272
712436
14064
407666
89179
219349
749261
52703
74377
345547
456058
91375
149028
662211
564280
681653
367364
689754
992044
558772
160730
149622
177153
979485
854882
177848
422929
563574
765546
139812
660689
214668
438215
940824
440977
10507
368265
381165
848869
769266
195814
199341
891564
264828
789178
559053
548443
437802
788416
597228
662572
160875
138608
536019
231625
101588
720325
743465
344555
892363
198735
606316
860093
568995
46229
603195
809979
841899
137084
297397
537369
163138
741138
864697
478447
422754
852897
748754
897517
302151
499909
533315
891287
454677
510572
432991
419182
541740
955198
211750
574624
715545
848124
865828
400629
806632
751643
931865
969945
567879
917397
930953
510670
874997
446107
743812
646513
839697
834959
669390
662001
739768
713152
619722
738927
41607
60843
556649
268184
181166
404728
542854
867595
933628
407524
750985
739502
537501
770356
560497
917451
239125
111877
686635
592650
811811
22297
287201
354858
280997
753816
64859
431397
327361
918733
422785
515174
867814
897097
932818
21681
174565
935472
963579
293057
89051
358697
646392
328964
904253
182231
420074
223259
983678
240070
460861
563394
104887
228838
557508
233242
670144
761651
729245
98696
533079
180331
418340
124203
990999
808644
178446
479478
375821
343281
400407
792668
319349
204418
730114
209755
100604
518612
434235
975194
259031
689167
201841
826855
279640
473868
272214
81469
842542
496817
168044
177944
400209
91
156908
63928
854143
508569
93326
151443
496422
833870
39616
159762
16491
279266
785695
2616
169089
503200
508840
884466
585094
343837
41315
667308
491797
187463
666386
895877
465904
66816
956005
846834
576506
659652
814389
131555
795930
694036
687478
620313
989829
214051
483439
950553
568003
927334
30328
336036
235049
7256
946628
347941
335045
690125
91228
505741
657401
741013
810703
225179
878985
110829
59667
405431
963426
13978
972980
998816
211073
530409
527328
988925
441049
828581
868673
485341
607831
666218
221565
325
399986
131209
743282
713019
320232
654259
122930
88152
700011
938658
744734
860530
497666
815971
771944
392004
164155
426886
174834
426723
702175
830419
937450
178017
347493
574593
725698
764654
826680
808877
467171
920262
934264
461351
64908
324371
602840
176181
30338
763559
957458
154559
67356
301402
8896
317443
992267
848694
562615
812501
441754
244098
230209
653724
336219
633718
411251
411592
799167
127310
858796
397808
606093
138867
56233
732885
835376
973213
822244
971741
938352
681429
82810
981237
286081
393310
512344
479690
807976
133298
24848
481297
368039
37246
284346
939145
522579
850696
753239
710727
802691
303984
513880
478551
545982
431138
130950
879387
634254
47223
570002
504476
355895
354187
755160
616065
47775
175776
809472
704647
792333
309536
205304
66536
421709
818413
271036
783405
372435
630142
590224
272963
790662
70305
829758
777265
809892
187056
696507
716783
803717
407915
334781
846067
250357
965303
909450
736022
447714
828368
180667
394285
328461
969129
542847
123197
463974
41048
964141
246245
462312
225833
207486
383
619009
223471
647486
32855
784569
800309
346469
416091
397861
878760
193482
915915
436189
849879
830689
66486
949748
287816
982438
164885
287148
183746
756381
132667
158824
963464
237926
346067
15654
304543
846174
616820
871948
962118
724401
258993
812620
258859
296317
39146
132008
226346
638849
670064
316486
475564
283639
211678
516787
533104
650632
416755
55838
856413
274855
6163
22221
602724
193385
43234
619570
152745
879189
611397
594961
953774
314018
541909
11912
723235
2063
972684
984689
553523
52670
457940
359189
913895
673703
102071
648228
628058
240204
246585
771993
395359
184462
767455
929524
38452
412722
556410
829739
639449
321546
477150
58254
383016
89771
325840
979409
211647
883226
688940
432780
51699
961288
850666
641293
681781
58847
191847
463123
857370
377910
926982
308520
839080
150364
410517
625066
300486
600275
393221
178021
736568
937503
21845
281035
392138
586515
396560
401382
873298
903061
389070
196815
745142
50460
385392
228217
412933
669419
54907
193102
579073
482178
497780
48968
320211
869811
423375
38170
360865
252510
403479
593561
4331
4549
116529
161444
264946
366286
354978
204081
846801
38230
309693
610153
884382
124478
373188
157212
190294
131876
162240
2857
464669
566141
823729
887883
591394
568521
535612
827121
541879
60128
826966
474347
316169
456705
32202
274504
225034
406131
465442
327859
288604
605537
34136
158427
48982
249763
49697
25497
478968
727887
441201
694225
625021
613588
776181
697892
256628
548524
751889
242253
28064
477301
466858
601846
381974
760220
956632
874170
902160
585723
490184
550006
597352
47255
728238
984494
480441
660453
945514
941716
879718
102157
7451
377072
68485
495084
918274
407510
401242
978736
55260
694908
408649
655809
533420
678328
704494
225845
334042
805346
123977
114157
570590
406021
813154
615578
75611
102312
158120
594961
671784
716433
657933
145755
736627
433422
639880
5578
560654
259104
260727
290157
549945
907548
291589
660995
579285
431829
880348
842740
580401
941321
926409
955131
582255
96976
298057
239253
363453
485047
805995
733111
655192
912830
841142
875464
8730
212812
4287
714896
875666
348247
116367
141631
817679
740278
659295
765017
814796
408222
910392
146245
249563
372908
868067
98764
435779
184350
192737
578899
95592
406032
286691
616193
815273
121998
780824
64828
944692
541595
330009
26470
185427
86489
634244
180567
241836
370676
374360
818855
219619
888067
645188
934399
948296
79011
10612
187425
27090
730754
703291
924896
302753
326282
171647
94252
451902
238869
997164
912719
74032
595558
757464
974425
533755
303636
507676
134992
991331
22454
405815
206603
701632
672436
376104
181089
287884
571357
265335
628700
244498
832957
88757
658943
878687
539040
632218
195097
50320
951632
595509
86177
656589
789520
585759
799771
320986
167235
945233
93677
809620
876216
665924
364035
631192
188729
297168
510133
606329
481855
451692
368957
872905
270342
706814
854476
871793
577005
328386
153498
433578
173319
790348
207514
516766
394276
635016
786247
682412
611884
471648
101501
544863
624027
150202
420732
990411
351420
454833
111093
498972
90379
237233
355266
909239
966994
140436
363955
674191
93743
451527
876956
213817
542599
267933
686379
501079
704721
209623
498823
82302
666283
142070
841121
532672
303255
463880
221575
281633
857408
102962
986046
382842
871989
384569
553019
534883
492578
611561
497235
818422
233783
459886
426673
48876
144568
823663
614637
263104
354071
114005
250431
842908
761105
232922
644325
407105
917219
462595
36277
266628
868893
40786
998700
88881
197076
639558
143952
483625
733187
489884
115752
485146
763859
218157
571764
973795
233804
713811
328240
614358
52962
44133
514045
325898
160874
470280
411228
111589
877675
762597
290906
945153
605628
466802
792285
313416
810994
591728
725646
865730
193850
814626
155379
429438
343852
73900
810972
182901
708000
739104
769501
375966
138596
626343
329519
603109
671402
911525
357517
759146
532125
5475
548746
942539
871567
168081
687991
298784
868610
171270
297159
634283
560051
277404
305978
666428
643594
511160
435758
215895
4790
205174
509245
460364
672589
302478
864675
793823
403100
179994
509896
117351
241655
305725
272077
436723
305342
941799
947169
801323
340902
823834
82478
122497
676187
760993
55295
833661
513370
789280
274103
904597
463529
271435
769635
893630
18769
807796
729525
57936
222533
290194
463425
686806
41670
280005
752874
308463
29293
800958
111416
747929
798264
629477
450250
256265
916880
719700
775391
407380
367204
58211
767246
415729
728790
121642
344820
866532
840580
456686
917600
867637
700932
75630
680091
190200
667823
774009
424005
884330
783579
548721
977533
389397
236191
290621
396129
824595
49117
620320
486572
244174
746100
581551
728201
764662
333310
402420
675283
313923
780474
242210
750409
416756
289792
45246
132589
126348
434807
386211
511419
303901
321200
581754
182845
200484
914608
67950
784681
867239
109330
601116
119777
240469
60711
436233
794939
434688
832376
701075
258317
106747
289233
64973
211258
428442
901113
574488
472787
105678
438942
688
303238
727561
870419
294536
832354
131661
243715
963481
88254
119951
941137
441358
591904
797343
789928
691413
568114
175156
348184
526723
961624
65288
937572
770793
814373
215522
729825
135184
981842
895367
236050
519024
933897
804111
777313
760953
175280
993873
301139
646104
270471
898964
702269
161843
339641
803164
982326
127017
618527
181631
309739
530811
332318
203770
696975
5003
287674
193382
616567
855438
923908
975043
11291
962793
617027
873683
198642
250305
913650
185062
738016
928385
935310
704234
950378
272275
929299
641319
764180
173620
562176
277700
439505
171340
948481
750265
795024
588524
377850
4725
477226
254286
294247
105762
323995
828117
609963
320369
38088
984546
934050
32567
200328
439633
67140
375106
86101
404378
969915
894500
169069
983529
711625
485474
626202
331261
648890
778502
863046
552265
667560
47176
513755
62303
371559
213914
894859
818890
262936
345960
956146
674074
166138
503142
118340
827976
632591
616427
816322
460434
742629
455664
614881
620136
912815
41874
18765
301579
146244
480533
306112
863343
884275
743178
297681
615262
267955
788845
709975
844902
313111
318176
391166
459670
530670
668761
396446
773202
6818
765850
299043
907367
498240
574172
973305
974467
697596
30649
277290
709170
248869
827953
279622
994586
142986
59064
271955
834769
841458
952951
334448
219420
174178
943500
337587
333266
154048
544884
212781
633334
57166
283032
760220
562118
288021
356817
771889
949119
613228
379572
305244
451424
35053
530720
562724
136282
608813
702680
929182
263735
323757
103187
687126
880063
308988
742546
660817
525561
982077
573919
251268
169088
248555
537123
252773
354460
988887
564571
735830
957504
398090
914006
425940
936439
180793
125528
989985
424444
625546
41198
572972
377147
71450
9076
806145
437778
743421
435416
568115
279438
437075
164211
498721
871664
934034
862680
364094
744385
168696
288133
717762
815872
371687
44517
532367
968233
178117
165266
723616
182505
219021
782318
632316
770009
423123
383214
676763
107123
630790
131662
355174
220715
789819
138241
481151
598836
390110
832004
534599
715129
871482
386533
223318
817966
630482
900837
788382
871335
323497
974411
290952
230987
477630
571278
389270
258109
360898
25
102287
668354
245217
346033
4176
617105
697445
392082
577841
434488
683964
512040
657161
599606
557302
992110
386269
831864
513671
320968
404188
142347
233829
357902
924906
261987
294376
120626
336484
390464
232354
585608
244187
342888
301412
523523
633400
65861
2731
24418
689685
422274
667495
76062
284220
750560
880233
120650
444084
581645
518660
832592
863319
158651
661890
889149
949687
57538
497679
906795
513340
229467
344320
126261
314610
269374
321825
35751
239284
647305
830865
869248
491064
231760
772272
93664
935772
480785
843693
60133
578227
176124
363729
759875
20140
551787
660748
527207
513672
620162
38502
303287
915615
365793
860233
893339
956226
911279
591173
892251
404050
793138
960020
791186
282279
498427
831821
639756
432182
557651
527215
728257
574492
798758
640812
816835
811548
176832
620781
670756
97229
828394
322970
220015
225445
346063
512012
198423
559440
392575
161129
232919
402086
310182
265804
595585
543078
391740
590204
209064
666964
287206
367993
139550
557718
546053
341214
377735
396317
961456
785667
151501
279651
517488
505234
253352
391512
761905
166713
345025
63377
78778
276125
707041
473450
847221
515774
188907
259918
568519
387345
724429
645626
809941
14560
526113
532696
219117
116133
494708
968859
189307
192411
169618
846330
2605
789555
137826
902833
401668
44864
342184
382812
645794
60711
321293
338232
57676
848577
377166
375275
683595
890887
242282
820564
53660
871642
134180
316462
739784
288095
87470
126839
643607
937644
510849
813531
776449
708469
689274
6562
208849
872657
548147
686623
760378
818909
892849
970814
135970
116817
300938
831827
242000
313217
864502
584648
340133
248344
244924
940509
753405
493890
859113
419172
229426
456780
658741
911581
616303
579566
904154
198600
218008
318302
829914
520493
291450
545558
709942
135332
315470
7765
340566
158436
594765
887384
850777
572389
606882
837372
583656
827353
435803
404072
161659
97902
11779
343954
756762
914814
504676
378910
135220
898028
874949
315190
338230
184844
58515
612042
731511
131348
146627
112500
666380
940468
266173
355616
179625
5784
698548
540614
854320
520454
138738
870775
331064
599765
612817
616355
453099
390709
141124
898432
885430
2040
896436
324267
934906
55204
886736
293703
325770
589951
441070
256751
811835
71067
757713
48756
721944
996338
851471
680829
919914
857010
965162
252004
410046
826930
779760
848909
265819
262280
599010
115445
910224
464173
190364
699225
265321
573269
319407
234311
750603
795437
445801
277723
688754
605654
858182
471895
719436
467253
69293
654203
350742
594865
626927
260247
393144
398714
453685
409886
717929
694597
73279
42482
505092
460000
426764
17895
881879
714274
622257
938119
144435
75472
28082
717918
720518
506357
339772
966497
897194
746453
894013
537678
641200
825291
370975
78941
856898
78729
314991
432631
802451
102025
706722
605003
362196
677869
792243
653010
297948
635472
628239
930572
87136
30309
898452
838654
824669
703958
916658
548505
80198
509734
902491
786155
498370
102451
350862
360745
869865
486770
596120
99678
598384
71677
729575
229927
716464
382781
428121
650903
141060
680952
127974
139645
780612
165074
116006
518792
156832
22699
935964
28521
398837
537999
602270
312695
663426
904566
225975
486790
731032
483961
868701
737127
384567
499481
715789
219028
971993
25907
34446
973450
322631
576426
854827
908878
119235
863386
597509
828695
541692
461748
436039
783940
422298
351467
887584
731092
582732
152448
217835
591805
152025
181893
658193
850121
483840
338902
321439
382943
204656
530661
354517
26150
254479
340731
474954
323510
629866
847925
463183
320783
868441
489578
329634
598088
445742
664367
399675
487501
728602
981467
1192
768174
220550
133368
471302
53097
846092
879583
662813
19981
510961
745163
687239
175149
214817
84335
748478
364037
511220
893950
790696
594837
87077
171880
423332
960772
306983
20853
503000
539267
701710
660002
828040
963477
175944
578325
80384
316922
91756
82930
852070
549069
316898
824486
101073
452518
623136
30090
324578
506437
980423
178861
111444
700274
670479
949222
806503
729369
584702
58818
55559
883997
154242
492070
744476
631113
916422
614933
375438
83350
139118
966698
172285
884027
109480
683396
58986
984357
358412
364270
312095
728756
92223
989427
668985
280750
40127
581468
586778
998133
362726
434520
246240
795755
843881
29603
581541
266073
827582
278992
502992
295818
359346
727740
370342
859731
783820
983652
333569
622680
783328
821207
901782
219831
137604
804505
101385
600700
319181
990104
971474
224823
969985
134258
785391
613400
196524
665836
76360
889457
666842
261816
808535
603460
103996
438315
362857
102801
190288
649506
710544
923218
467414
581422
708359
334642
381574
209499
227243
212260
129415
579146
691994
580283
892682
715680
663929
131386
536519
912054
720600
476206
159083
8434
787820
206819
843997
460159
883013
939593
433909
92581
118214
251241
578138
502918
460305
113878
485568
462400
821449
604166
940709
923347
2965
987787
755677
240349
148775
294945
25509
258872
137896
695770
898954
718903
541686
65678
655366
958476
319448
886068
189440
362468
695990
43818
491140
736700
903857
585186
287000
150805
975078
467790
664922
394075
301486
172909
331201
591534
719468
548596
211581
646132
342230
984759
518325
276553
805055
312269
433630
710219
431795
612301
529663
162024
54338
695425
469078
46665
979081
28116
464160
193507
238906
32274
929135
784833
809120
404621
779502
927780
207227
445326
898930
495369
568010
358739
281720
147945
596251
615493
710993
546416
455344
952605
755176
909249
464556
806917
952306
883109
881634
415859
332657
152308
785576
532290
195324
674405
521576
651202
867369
744332
604293
407258
524796
38779
361152
510064
100989
805446
946164
108942
341766
24959
590475
445331
327478
719590
935801
817728
811400
633354
926186
358904
259464
778895
277598
186068
757887
951156
44395
234047
700264
778068
270226
380052
824470
21747
515183
39736
735084
203268
485932
816677
157533
821912
705049
475171
69110
379799
669629
513964
137548
321781
992387
584162
501512
863331
346294
480090
598983
976336
633627
685175
486356
121875
927483
472694
831950
750418
952943
40055
931833
426944
277355
640246
555360
37923
231550
249540
419417
435337
302078
636682
739766
807129
107700
756337
349499
175595
892307
761400
929776
888134
202418
974453
168283
737714
786641
964970
893502
366546
273848
745793
187052
891018
564650
224440
331642
670885
386614
759291
706268
856441
798808
56471
113367
670574
77666
712102
543800
160931
441317
77005
84067
388852
281439
627650
619266
975265
524968
169152
726209
945349
172242
400660
43398
28930
294302
380594
108913
402285
180143
529809
341035
1263
258916
273543
690801
500307
573579
681547
711130
381894
404434
432374
504812
637564
567919
574135
922831
803611
163856
508018
502446
554580
854488
157217
457178
77793
185662
67023
909715
662652
719092
261854
767037
792870
646894
692897
42461
527540
935633
709664
316947
932223
157769
877256
870178
134402
435124
40557
854206
425585
8041
17206
811553
742267
993279
85185
789616
81434
387600
869030
664698
581306
941792
127732
316001
329181
739174
187491
665520
110712
491047
275934
972044
174579
729055
611141
968667
712958
878226
780962
102743
944764
529873
36499
67507
471279
693223
182755
479069
241605
985305
946766
905972
92601
765061
413831
821901
197025
990504
297994
473726
14079
411033
935306
219516
846985
532373
736131
901450
42029
315215
384573
432972
727846
10160
172357
673718
560878
140321
700582
669743
513626
980506
85213
487473
808584
161781
577512
826621
402718
850306
478222
281881
383068
753661
48989
284310
726935
355620
865708
756914
832463
60261
239834
375278
938715
308752
814440
429843
984128
431548
503180
176999
90185
779492
745455
629930
109860
762278
746671
896984
956013
948314
581346
357709
85247
390362
667997
745483
244020
546184
598259
162704
337141
834380
896156
946904
338836
704122
572014
428843
960502
398809
918803
505459
953542
952942
423579
641848
251559
147539
536199
513068
770962
364349
811933
390917
898540
688805
625884
635634
872463
673432
107821
224577
537216
797453
930415
941487
444795
21283
904414
613054
580941
79581
911566
433648
498501
985840
13172
244921
404174
419456
785963
788991
515043
675011
16008
506399
106255
923758
604923
875338
227879
966641
322628
371267
34686
162826
20759
937038
598145
756637
869551
601833
63700
530323
238392
139863
606822
327168
185341
936667
561914
522450
421746
319797
132346
326367
206787
572510
262080
198345
38237
338546
28960
108579
477104
338788
981158
29831
929081
779665
750748
518748
748135
70636
223336
851739
278322
550460
49490
465024
432865
396916
704263
49482
758116
485491
971262
13556
362211
653560
316576
121487
144223
381110
606470
348390
893832
598234
740089
550193
47574
676884
780057
293018
651380
587940
855688
349006
608790
505318
446454
473726
976535
973896
420471
564908
975957
718598
550567
29929
405493
466128
320094
246490
610010
842170
735512
129835
42670
852262
66417
335581
101724
527885
696596
660246
446185
915168
411517
308586
489493
280858
532739
525249
722477
865997
645693
712639
548282
775035
17263
608518
167791
713904
930934
355977
953409
419371
106127
591288
289458
316833
822132
592863
905574
171210
39952
148804
438404
586746
254232
744724
673711
12772
147928
368304
853631
540694
330972
193860
755589
81048
56712
634340
658240
638753
621277
950196
859896
157285
314843
210831
785048
560044
336770
287988
998343
65584
396893
288525
953051
897117
310295
674039
909834
158485
834729
879651
700470
986509
759736
444644
67178
493045
103938
315342
241491
676174
431718
384398
419051
226785
149556
545345
660493
251289
373292
30939
611295
968324
644695
901420
434525
510156
393808
222587
361387
954088
274200
778414
462906
781498
727791
837312
130331
890304
148467
706394
434515
979106
681337
900147
498391
124027
711330
407268
307864
437386
435274
69839
945461
53441
626717
497701
405417
732525
15902
191365
995909
546197
396427
219791
468359
738889
409050
964697
646130
765951
27867
768546
282117
43585
50014
940653
851398
903412
13545
560896
548790
358623
779161
949467
60939
685689
57260
474833
652703
69296
150989
159752
232823
647709
702557
623356
510323
834326
393513
863176
537872
900028
630700
482212
345713
69047
202034
203868
962552
832973
26234
41688
878997
831520
174098
869582
447508
852833
593275
240103
362606
729884
377797
811445
439726
147570
986112
293347
637427
680106
665250
81888
537963
231802
170767
59311
929123
634986
455379
186860
410162
9479
104833
830681
695313
361021
109354
22734
534816
737597
102393
790164
935585
662357
956501
572007
283858
556618
195399
525442
419143
413107
882406
400309
756649
123551
390888
844368
357832
212587
844083
517224
759810
218710
263454
268415
450454
245199
892756
600582
508584
162215
196695
881847
189337
94684
369284
871085
931589
471048
454590
201424
596147
665095
670897
757850
451582
65604
957234
460000
333891
2873
564126
719546
71962
440234
721007
555439
875746
518974
39008
825035
905383
420748
432747
375645
478111
491940
301894
15351
865776
405222
207704
291173
143401
96288
798791
256406
521836
538649
88142
871618
798706
423773
384199
371664
796882
134272
370677
213917
239717
953410
168414
557478
330097
729453
248280
458736
530507
674015
548699
56686
63805
631890
941049
458644
636795
413868
196137
1214
485166
55134
142218
316341
904843
202884
453162
7515
815224
658573
767226
565214
475386
24636
36426
778634
27922
642119
324495
821687
249469
945607
453596
536252
926362
54979
20222
543434
766649
647464
777495
74913
144607
216060
927270
234967
749624
653777
362708
785781
96083
465652
946265
405913
782942
217977
496381
269728
561255
87197
157012
54571
329310
828315
447214
926392
522186
760952
525672
216840
577858
34128
568465
113430
748357
378449
37433
834438
528093
983937
752430
541414
832700
419620
385767
365784
480366
950038
541632
911264
697190
848213
254984
136655
254133
37665
20577
238429
886633
397017
414882
310600
630334
46293
984409
495686
583981
340790
487539
34369
898311
978940
747017
305526
871799
76055
262583
595336
412363
927153
387765
241264
755069
610705
555880
3961
435831
136221
855171
224764
310675
421468
643772
966808
67537
256102
504918
634117
825858
175299
890812
4139
787798
979217
33603
657302
600311
641547
110177
46572
949766
198228
309000
546344
490454
766461
730273
99012
360378
293543
468688
28957
848167
858357
647718
725549
296347
508900
391995
836208
130687
483008
364248
725917
305093
776891
681373
332682
514142
758818
328398
383263
409203
344272
766039
291126
877150
723852
299795
503189
293091
872818
802598
501781
217667
345782
773935
357917
23170
28348
133868
630633
597802
240316
722507
313050
58603
431217
138034
508056
279819
472034
247385
785181
933112
316217
334535
44404
932612
824341
659629
642851
703317
17374
705213
161897
154371
789960
391613
226415
365710
866330
986594
387813
435442
986367
893503
787519
389895
591324
509561
668435
330341
347054
397625
460043
895017
69294
108750
979781
922577
128422
155992
844473
393448
853545
936476
635792
190260
926283
741245
255112
663580
291564
713076
182343
98301
469246
685504
383529
800836
212817
879598
316466
214391
550135
544387
982705
958752
684472
305082
191890
765997
89612
819342
239596
712043
298134
120961
226004
645684
111720
592200
303149
384241
921230
450672
33286
228242
622776
231527
345398
369691
972181
765712
366141
250182
1711
413631
131614
589020
362092
197930
467050
356756
934634
486858
743634
978349
439837
1919
101548
939787
844129
215221
982876
864210
651209
411793
554686
380386
875889
687042
876860
342916
302203
240712
678125
937439
939550
6215
856925
679885
183316
870252
341922
907805
9035
810758
655898
687369
339215
838553
930959
143678
439669
813773
715069
181157
329397
626770
757315
660514
361400
904631
223663
598524
325606
882426
643425
92203
397276
707968
41545
624450
102698
704133
824875
87199
487667
327072
846186
172714
351084
275652
384570
116013
564179
200244
289418
531992
481244
806220
194685
364253
706699
242944
826040
487803
880197
347620
199011
940612
629704
970169
473712
26832
304716
320461
405679
488248
596827
121143
860205
106436
495528
155537
113296
864113
798035
267424
728186
399892
511583
625543
670873
906241
781757
570340
320322
550466
83642
19368
428132
935587
617317
626156
803513
438080
724037
449876
623105
442229
911055
794482
717369
706243
774570
21374
99441
833289
269185
190782
482530
445303
457658
778589
687318
473433
724634
399592
576810
978008
819792
129128
888904
278939
976632
591940
594081
286833
734201
468881
130809
852759
283135
468357
315086
467950
116145
250036
550725
808824
980914
379222
768507
197776
144630
196862
996168
450861
417229
267078
903209
207248
918241
738158
911035
844736
117331
571855
185128
618898
46577
126586
494958
760162
654079
366525
875203
969390
937068
660162
437810
779900
224492
117436
349428
139413
68937
934742
365968
234574
187518
2725
807952
89487
322992
594723
443641
224314
387627
512873
915840
790950
916566
729747
218240
752832
941778
713435
525963
335280
848863
310271
48364
44837
588679
925255
558940
63393
241395
373580
212783
689512
658325
166508
490357
611063
806052
292083
290113
207371
219876
864328
605510
988661
633187
909175
117752
551240
114418
732197
62772
559329
296564
829058
578075
96848
80008
235716
182161
854729
323270
102733
547117
67509
490459
417404
819460
997081
640148
760927
332862
163017
790623
810542
468251
437592
465987
426415
741641
974174
953182
417255
758565
914125
358309
741350
581002
765846
556341
31222
906316
260461
235683
379353
374107
515574
624716
226586
502212
101498
187957
29539
449651
636774
427326
734063
49309
571379
922723
201967
171906
47531
186831
635564
552557
240167
154414
810083
95850
765439
875855
57255
469821
146403
280125
126771
288905
435669
965505
605993
360728
706846
825577
983328
934537
328732
655035
998352
715916
932941
833631
109489
255584
249495
678678
432643
918981
284680
548717
121364
318449
716971
480237
51994
462585
500754
774653
626838
715447
716680
242056
769601
848294
740166
188252
49312
287676
968600
808823
553035
493223
277760
727582
885631
231699
107379
49113
174756
843634
846663
486773
597292
646828
497684
493379
195591
991810
704339
872198
401635
159891
445389
641485
254956
125278
264709
595645
570697
135293
58255
145261
981349
436194
470945
432233
341825
483486
52372
209782
397498
911320
26749
922829
642454
6652
378950
795695
908060
538174
436571
199968
197200
782720
200212
49103
704652
486614
936430
615183
166580
83677
299468
981780
283821
774438
348252
619165
323240
716129
957102
989543
294328
644445
894358
839207
357822
696506
814660
394917
659548
20891
911892
487752
727019
498566
303376
479520
544819
895145
427082
77347
748425
512353
22661
273861
323856
530612
247215
308083
924712
740228
113428
720629
371595
986660
214589
625002
842630
481229
306241
364020
519386
8788
337723
244939
445191
754910
77135
831860
48632
161228
246224
15598
328153
561417
364939
276646
56886
797012
900507
936549
566753
49663
92383
750176
888373
283033
962344
119269
370551
941663
31942
22030
599677
695233
541095
492930
379422
288505
137060
698846
614032
972453
483908
430519
396472
95422
322424
468114
263883
941508
759875
578860
537229
66472
449899
387498
483815
495305
593762
858685
192266
653646
936757
568577
634860
884372
540017
410450
710448
138792
96747
565745
40975
565358
952775
31412
175134
239085
975819
326674
749563
838764
233481
963703
931447
984434
928027
953920
308255
840418
479104
599003
590798
245791
149274
514293
91231
646884
240115
855458
839518
556382
423966
379060
711063
206236
920445
3213
94289
583581
961388
646484
628343
19260
360557
235520
292792
233708
583749
574742
995215
904816
1709
226893
256798
137574
373656
744656
865427
326888
176926
791858
385570
798717
331105
536797
520148
489337
496186
10295
199161
527808
444499
187659
104437
794669
402501
919600
765352
415306
175773
230634
656861
565949
878983
241149
395928
866030
825912
915010
239146
715877
976213
704848
368495
114626
165639
881085
533832
389354
727128
658292
723815
77318
166240
624670
746513
94809
992307
904090
869896
618379
776412
683293
488938
88626
235736
426244
99398
290422
152420
38115
335062
427038
305104
261167
703221
646231
715650
581575
518886
834563
786165
572237
117616
208623
517006
970661
486229
804358
489917
72405
615794
26450
380670
920507
93102
646583
542161
212252
938767
654435
996186
190854
2062
692565
964933
986828
454154
956063
836221
369439
27798
353847
316730
130629
50415
209328
47585
604445
792153
700482
680227
431787
564375
240584
350534
659661
32562
362508
884839
172937
851927
345004
430680
496792
88850
503307
502037
192152
501272
982657
694492
495572
628739
193933
617850
427765
453033
499288
401301
825168
420946
473661
300583
271435
351561
131142
678276
493259
826671
667512
609141
568405
716059
283226
294791
472783
155816
339073
438713
103655
918567
19121
143691
393025
664456
518249
901857
899947
791214
931714
391373
439318
977527
739920
925923
344281
206612
869204
416065
358400
794126
60528
912815
428112
127305
400400
883849
14338
26226
663433
937802
884793
730712
15698
142999
309262
602840
879529
971122
341100
576991
258611
964671
564549
616767
334381
507006
419330
363517
914011
207034
802192
736905
162599
638131
655524
457865
216039
199774
82234
702496
746648
110490
338881
970171
934371
809954
693792
280322
303581
582393
576291
62310
34376
334907
35436
47602
403240
942526
598648
659100
627707
945967
167492
574527
933965
476355
507501
728386
363028
656076
162395
414835
602478
833833
77966
973199
325315
24045
356783
939909
530753
604081
475441
99130
785581
924293
340606
312134
832540
429180
443790
167727
617704
731655
518885
256232
920746
838499
29934
512839
120568
775214
723527
325775
802787
75671
690288
630900
543286
960833
523734
868491
331372
39695
560446
805079
599251
835778
327806
855409
759030
683025
135316
139213
559536
129457
633362
51086
469765
715432
180962
346488
790368
850744
672416
928011
293735
604619
661446
216861
327088
508317
525867
963120
706618
699511
45717
361729
865279
592808
820485
969028
765778
665994
535185
276674
719360
984507
848041
381668
781487
28858
728951
465860
562581
697406
636995
309449
140133
909672
941507
604411
958375
910133
615682
73715
658897
873940
586110
753716
990817
199022
340094
860984
101970
216532
281564
1086
937419
942710
962660
330176
555046
99892
489281
860977
571855
287697
366128
879431
485187
851897
153274
191921
78350
472466
571700
932380
765897
242900
67782
920830
87070
920800
925803
343311
760439
271821
179456
868003
293862
926326
305657
26810
297495
910148
536378
181132
460881
360155
900571
789242
362953
556837
678018
84808
339556
483303
693449
760625
851787
159774
524697
912895
214685
165698
143405
659011
292707
240334
637312
231995
447771
532228
918420
149095
49374
476961
937473
787948
774919
659927
650593
708000
883655
138565
323001
325283
370403
897188
868619
319720
371593
359855
960421
442770
549601
698483
615405
186260
685200
636430
587168
221629
469285
918004
42262
877263
862303
205733
599575
255258
228458
842879
846070
663092
972407
641439
178681
302153
951924
98462
458528
72557
701693
541929
875100
348931
580695
274927
955601
516012
730278
585620
164168
11075
898507
357847
173275
758861
779163
273728
829934
181393
281544
508436
914517
898454
892979
386685
419344
262985
504445
869682
694308
293178
411226
904093
125517
690772
852092
962087
353469
305603
689833
833399
495360
652919
479385
184855
55031
13104
280240
683048
131496
183809
198573
865559
101027
369434
346182
675773
357658
893426
50030
521077
907985
830942
877820
120615
135257
463103
361316
149038
719256
381403
817235
326836
610520
651557
294556
495951
967707
716000
886195
313466
961955
144484
9128
118020
696417
266708
538049
517058
813456
117681
737604
913659
18489
907197
380124
188036
733128
416050
250816
877616
205485
708185
878385
742445
985512
807902
953391
876339
899671
834565
775469
245414
864807
553533
582631
695227
970791
656323
956761
662641
52704
859757
376696
654707
617264
939893
336814
992555
723434
426515
424429
235701
778625
987332
705684
283069
847626
959634
460756
307817
965915
92095
529555
528926
624108
314502
81233
703265
21048
742869
259546
29878
769025
680137
834812
535374
218527
274635
946657
516647
370232
235725
453647
407502
320153
663134
98133
807295
125164
229926
789006
476444
615313
814160
973014
476596
491116
237131
331972
194713
253075
536846
496429
125286
289693
185230
876521
288725
800588
354388
511603
148624
816524
30602
477460
50799
197089
916616
674767
206805
840413
685621
383641
127575
927293
969600
660798
467009
123746
391536
78130
417046
448193
72172
687259
187137
395220
98986
542835
43289
819182
435986
70744
550172
84223
243212
253601
413653
362289
394388
796769
739758
55561
171037
225159
222211
462636
73757
275508
934690
993784
620121
919782
973969
477768
31611
531037
562029
30385
705884
301694
6698
458081
512844
700835
958131
335219
162146
240035
106955
345877
996128
95555
602242
684085
543568
208179
456928
219698
719390
427521
404225
154073
721701
182471
455323
895945
651089
80375
877719
3168
749650
673995
858606
688409
628149
817874
464029
356819
416596
173081
384818
564745
83494
317508
994252
883995
951933
844254
980057
852786
552994
79056
596472
783743
553103
848908
609075
652690
913042
231436
800983
910303
88706
693707
581290
215092
217963
536423
167314
834650
546304
44651
356840
234674
868109
728235
333858
417437
880910
79012
863126
9514
701884
526837
381629
202383
855367
531112
534493
973426
19592
429570
902059
863888
483880
49758
466429
247468
776379
844777
268528
149818
690888
759504
500832
444141
912225
490898
475276
701987
526636
51381
54786
243577
542459
784931
79112
759527
609850
637706
166475
991237
525623
65221
423366
681172
385185
89159
222976
415925
330871
82337
343305
206976
827147
25024
994406
56988
7758
214077
407014
895269
513010
172769
6038
785176
824422
141341
720461
331126
472876
817528
621781
330340
105271
14256
446143
411212
965698
877027
119380
157118
730232
160813
710878
114399
582717
590819
703957
465757
131404
30162
832450
759250
355653
107668
220587
650867
486885
806576
270402
728798
308312
197970
813329
933092
229433
761806
323574
721838
603856
684349
54058
457526
116846
404829
721
270584
207668
853216
307490
582201
215076
296746
119673
59958
201919
60875
903545
941371
220941
641094
492729
432309
270463
373556
477130
400513
622272
535863
31801
515430
286106
194425
972098
423450
766700
226401
247854
193780
702932
728176
225107
292501
508798
273971
681885
647912
484394
176126
135
371934
892561
146148
440501
167493
373832
76757
277643
286403
405047
181415
988974
103495
748705
953555
205435
650950
29906
521980
298656
364288
681303
838710
90369
915768
159395
277422
11117
150548
843191
623527
54767
725366
356468
460114
596845
569736
337847
473182
786354
824413
523310
565151
928392
896005
361002
157464
142183
907228
669821
650896
264888
197577
310199
839708
530452
907208
653027
662357
660366
408921
115030
780840
401895
658342
19174
644826
352938
14921
455489
296144
8579
47285
131170
746821
579528
933410
291889
148724
875129
703109
133383
530376
958202
922971
556519
56124
411988
36675
676000
227634
913274
445321
424931
170478
648857
128904
653093
124892
880869
45626
523807
90595
832381
508163
174227
8103
90506
353390
497400
52700
192350
212398
629023
425971
807079
773961
696663
595063
516990
709291
744075
775762
3549
241176
263433
485004
701097
690334
290948
927851
280507
439605
664115
66729
150890
732398
875544
749657
458347
372722
365696
863111
138230
169243
262454
49608
208787
410338
175120
497085
267197
983808
807171
976296
175721
14075
471954
609362
673851
953027
559252
735713
777947
557141
253007
730920
492501
276862
196119
866780
62680
725749
602688
670133
405234
871004
819662
813189
342083
665697
44358
608259
47106
470813
869123
482439
665298
253849
698261
797658
157637
136627
69792
967745
647625
821695
990572
206508
716128
422633
761739
138088
734110
152242
346598
726109
724004
769274
199909
920226
564985
871030
830256
802320
885718
45963
168609
62115
378725
926811
754680
51420
823053
518980
261733
923215
59524
594047
100871
294034
735434
736420
908539
644415
535686
432962
257511
144669
121949
854086
59620
629983
94948
343834
298669
679877
308730
275203
18527
552592
115552
649657
183733
750237
366704
677552
115308
407297
907879
641376
130571
831962
680172
930255
889048
373996
922634
389717
476200
932591
648359
199723
587605
228495
341172
813399
438392
613947
87771
523446
11737
560214
542166
24778
592884
832495
38045
427427
676348
321360
78691
457024
633936
612601
132355
625985
8312
721382
749965
19307
104567
675059
843582
831324
311781
691742
665526
431044
196991
118767
328357
370298
819123
857621
566025
923002
815228
38369
56216
69608
201976
477861
873812
5878
961000
862245
715282
440438
830867
347909
942517
502977
580245
814430
982269
231616
792987
336547
634546
854120
124662
505786
754852
630477
339072
333699
639930
270083
309278
232685
116203
154170
887942
73419
524211
515466
762571
425277
735800
940
929204
275640
634795
854545
958295
703000
300258
10165
591574
105564
50686
582302
805724
306810
746293
499742
122345
342637
708511
994122
166034
731508
151022
147035
12042
803382
686947
867811
123294
537109
864344
427620
657312
97750
551590
261473
379359
384575
598010
420470
729900
559385
163263
1353
21865
242810
461552
525364
620063
941174
873932
483749
996456
415469
450729
774660
617034
692227
438713
900322
37553
104973
249361
732234
885965
881692
796003
247583
822799
188289
316715
830699
904360
342552
17182
422664
715162
943873
775876
106721
77538
845024
516918
464097
647478
788101
71812
12765
757647
844755
486449
796680
754638
929888
195428
446649
175944
14814
376203
864403
44930
403306
922322
311798
235027
27556
208829
88930
130387
929647
950314
984354
946289
774255
185567
584144
412298
517244
819628
837952
778938
69547
787512
518965
292921
619248
79415
416066
551109
68885
397860
94290
88297
752053
649645
294044
807598
594147
835991
206119
904324
515384
805870
728091
354573
844773
910477
578318
812474
764798
458557
435447
563080
76941
384039
763267
863623
85742
419946
130623
187090
599641
730619
128696
928457
493882
400448
681094
928808
680546
324847
183228
109686
389984
639845
267307
141203
512242
118890
788249
324436
146797
347369
447285
426117
265178
932412
144056
569504
923670
762583
59121
363659
251498
96389
777204
258341
567822
111187
349333
699961
687597
325683
745854
158301
253349
870543
917806
676848
793791
638803
224303
103404
477025
621039
502598
173005
528743
459073
453834
720802
814706
623560
612171
734103
110799
114205
839172
584591
333638
963083
171972
117616
436527
344168
339847
613507
679307
653605
946029
33710
276624
440924
900068
35972
747625
393833
448191
259936
967285
481075
676208
833264
580981
602390
273957
173554
21357
58929
669361
251909
876169
824014
679111
335254
279753
298613
399037
200598
302437
500535
368224
434752
191073
532667
23008
875712
325379
891964
198671
434015
350508
363509
588590
764290
586744
497539
112450
325713
125398
239579
660559
789894
790415
32261
157006
74898
782993
264380
19263
292427
36022
502245
287810
686398
30506
611520
720889
966667
616313
498471
149402
45645
983210
787871
217304
752925
661527
139062
30104
45369
166310
821864
411477
298944
868334
747497
898432
504038
464
671175
853756
376786
699453
866213
790888
405161
345613
327383
125108
325524
111703
84507
829582
364704
171102
596692
985095
88857
508545
497513
669846
199233
13699
70249
719408
620279
834455
293818
227073
999274
145592
656455
10755
242272
709366
20572
725409
717088
417341
158561
180423
893492
864386
694892
726426
715834
334464
509323
72013
869730
404388
517954
433008
145156
333513
417948
845854
979522
