555392
117916
437372
696051
140770
912835
743639
38274
235695
126820
75804
563518
36663
848770
134562
410759
480735
971867
802715
64522
822790
651556
384874
113400
415608
915949
71302
169322
359733
98419
444034
579146
931767
402810
265468
999425
23193
758765
767779
251541
949209
258149
347690
99760
765827
754960
318420
587386
943929
521420
95772
269105
510171
644454
380945
30326
435801
82082
429126
823674
769677
575779
546271
914684
29205
473309
90871
313491
235825
728462
880381
803148
463888
441573
875467
698416
874446
64043
967201
920217
173065
660644
60647
521411
140618
43837
445004
744985
733132
534960
554638
461504
530033
33716
960022
910415
416637
918243
51319
569444
794638
200928
577790
234010
935020
165715
960975
981192
266882
723441
651303
235123
508730
428561
659000
675238
576582
399481
396001
252832
938612
531001
346903
132889
774007
813471
347307
177444
768818
802308
995403
816572
145643
451975
667100
38002
568313
260829
607792
143052
428432
64102
700712
799346
331491
261597
7192
558841
350335
586114
526320
461820
104459
962617
295260
308048
262573
809132
472905
838071
192313
538119
573481
412403
381431
574749
898213
536600
503874
573296
318423
61803
319815
55903
123074
381592
646734
936308
529666
38353
746392
65506
120083
197852
933128
269581
994136
442032
540802
270769
57758
873677
712212
417941
43041
512725
664085
363245
62396
338903
440828
115903
895049
899575
272807
132214
782627
967049
458766
597380
734077
328154
65350
266116
952447
750065
779928
842906
78382
77202
61257
791666
722075
514963
215315
123507
647483
754182
649236
200413
426287
894043
5345
940152
615441
755912
995211
966769
224910
261793
917717
633060
492487
264842
825788
97957
864076
848093
851363
281005
513602
385656
962059
847869
129382
245657
807109
537548
602525
398592
279899
524014
33075
216316
793598
71914
261223
557407
433980
597810
333154
719518
433047
514737
163519
176209
480580
225899
635545
396556
7240
374884
934546
158762
758547
415369
991901
356073
168080
44106
494676
200351
480440
487982
211931
299381
150598
755517
359136
889686
871593
793553
208079
380393
658097
289601
641995
321508
271951
650015
477224
947993
841528
300942
231484
74604
170096
288622
661506
795159
881294
44724
841867
758443
549524
307418
118946
155657
949308
16271
531794
38560
948227
173922
977072
794744
20562
287043
594861
316600
42388
642946
970669
113749
1721
901895
558182
90354
560195
668621
686787
511737
656871
916441
96776
370908
7905
450644
693661
249371
832661
293672
541179
209227
860889
986369
336314
183087
300434
984385
819583
268213
255108
119478
968202
771547
875789
553343
583842
266923
774457
389121
344270
126373
498596
6856
625752
899930
954860
130804
539609
252269
423561
92555
713832
495112
256382
752689
457868
454265
321593
744461
6838
578356
579460
705225
565785
908057
556600
254960
749062
376218
708775
744902
910888
82259
153552
803104
688442
639817
190701
866629
145706
513186
901700
295732
337263
101067
925126
789005
166164
914082
413131
83152
100656
530560
295003
70840
602278
634287
459703
198798
133559
476595
44261
663211
954291
369849
999525
651352
850405
105557
342804
282830
762823
297681
364220
528546
164646
169051
407904
407306
661620
606733
380817
844164
796559
313281
683642
788546
60818
491429
37216
619476
909919
910824
675516
353662
247255
781681
958351
705529
149511
629919
390335
58630
829586
227337
490643
251036
859167
407770
367104
189512
547925
307617
216349
405382
912724
195623
7752
202385
201741
979211
190146
325662
398071
790102
73775
898438
188078
51370
474890
15072
788051
562906
488081
109263
390869
153112
237444
724744
385384
251825
334736
430997
508523
14685
494563
826274
533986
748508
880948
329155
497135
809057
335597
619754
169474
7527
277229
427578
720015
17773
357214
211715
431033
859441
548949
607236
245714
653660
244466
120238
275436
113702
92028
513205
382681
603420
85415
685029
711773
684044
253310
578302
695099
448815
987509
321287
403997
206907
425383
245662
110649
522692
468899
666092
402556
810061
795348
850627
102249
365198
19695
994021
999326
820895
833272
387891
239031
537951
910794
601034
972249
526636
714087
555746
325505
741570
860468
858368
303838
549959
31382
88023
535282
78361
309478
895857
694770
417211
990150
888172
161180
403933
140711
987298
782550
62531
659605
556174
501212
216109
227877
411622
907717
656054
134802
151344
608182
93190
272475
655609
663866
929941
834130
604115
594061
321791
227289
939396
65593
570910
258560
296982
570118
461346
345981
487298
205840
980184
53794
615904
711327
947589
922567
343606
880200
894132
116654
601958
251529
814591
790382
835915
780513
967530
808443
73593
61024
333851
516517
136303
786348
49447
980363
675492
730182
146666
127368
916646
437508
622085
769871
242805
513306
770817
666146
967171
994212
208294
225052
485970
16621
32849
613660
432526
281815
108711
742023
4284
755715
753392
258898
666895
88572
748920
864838
934751
530717
779728
610293
171758
347470
651144
455952
535377
678950
191987
30806
886974
643224
278551
296466
675291
655648
196119
411878
755201
52606
6158
231114
68954
920592
301337
900013
353089
402891
169631
907863
262323
208942
804971
830685
940837
777007
509512
720803
92793
674730
406484
642705
797667
589308
735967
714453
626405
928755
783169
129929
31894
417476
745544
857427
120696
225641
654504
137354
743610
388890
177205
221774
433838
604107
125040
682887
312322
549640
145972
417386
467198
510264
809511
490804
139464
227523
310731
149616
483287
530946
196451
897386
57397
137653
629541
946921
925785
628230
179632
322974
105835
238491
787531
470221
512137
323452
761200
387402
409334
50957
123166
204592
177181
199138
225219
978572
487615
488819
341426
873420
50744
927469
140844
181509
800940
100190
280148
551257
12595
957029
776420
190713
742209
222333
246803
867385
440794
569400
156288
293760
85169
793933
498627
50998
860957
596124
889690
820152
536860
371803
781018
22207
171803
390306
592552
366619
755117
291746
572432
280681
966193
731181
187440
292742
790324
58912
738809
215549
557405
547833
973127
570366
252161
576632
51241
351981
227727
626421
471774
923586
58302
924688
548232
397706
282959
685469
987134
469385
709060
481973
480469
715683
813269
3904
622591
165121
771247
97949
275926
819154
233442
140135
745231
152665
817411
896189
720721
257906
859039
593325
420235
446875
630174
406637
923698
967129
486524
906676
358660
260104
317894
440554
229280
195083
717122
659935
876244
56507
326126
783565
695670
394678
123880
267716
2156
746137
232515
591668
410942
537441
459268
670015
991781
28200
933201
156287
119173
241912
869401
600889
885178
454215
682688
302506
751132
705939
530987
694838
435977
911306
557719
16139
872763
337930
739853
962295
904982
609705
981986
767385
799042
628052
716745
528967
290732
665381
616583
30387
759541
355539
462336
713016
935557
24137
762660
373522
67764
729242
745235
185910
849752
316843
681687
131071
725036
57624
458113
360910
478949
276244
326677
773920
829488
89032
735273
786065
959192
463810
990405
805421
199428
202611
473242
356355
529689
625692
203467
907876
344954
814922
296280
300379
935339
820030
373678
178631
764234
179689
248619
856096
743279
460934
323254
776430
695380
490249
572510
447667
367356
524832
382002
427386
115442
744926
813425
913620
467454
385183
36680
394966
481274
939397
456963
757879
69782
398188
634078
243171
865928
214108
646660
278679
139011
959433
50202
776543
624475
846855
767057
308307
598671
259778
951046
979856
923867
150543
179212
416413
813063
783816
57899
224309
84151
945258
880651
556985
638651
299566
557885
301003
691000
770219
892541
275826
776108
696884
142733
592967
540096
957638
425898
942414
984731
296330
776994
783061
776222
396384
171343
244093
98491
529817
461445
265724
298543
715652
432983
13922
690551
964842
97247
9392
118437
254954
834955
89834
118170
806401
405331
324071
435757
435674
883890
239181
251161
712211
307383
501360
755995
710457
415726
825309
835687
293568
151195
464427
977582
147558
368226
378676
6781
730458
113065
809157
849947
460253
245925
60894
996277
721087
821163
513862
434207
215564
177157
100138
639617
674494
877038
956396
263413
133199
384540
126167
9591
408281
573420
128206
441519
106953
54643
849674
75630
839573
916894
182555
502319
501711
471098
862962
50365
276260
222608
408131
859619
920335
808738
994476
986394
854453
349365
258006
146218
396582
662141
678159
261855
725651
848280
548084
23166
671963
794325
696904
97044
224575
795059
589146
19561
802679
277537
164172
760274
721356
661971
756780
893759
278055
224540
378013
45068
124035
34407
952291
257703
881685
787206
939407
804839
275177
265013
56844
827220
794201
125973
328100
238688
661108
953118
916927
588110
132623
396108
730888
331177
815408
389914
228376
686423
771291
920280
37429
43597
281205
202516
119487
383647
364200
222156
425223
434336
830260
784701
26613
452598
85892
150554
172775
914932
409417
660651
649031
638032
918186
167556
368336
29521
996972
315207
505724
883436
490551
745641
404406
658669
71400
164036
12742
643034
607999
807777
883392
336993
184211
456559
210464
712244
281544
165456
398920
428766
458836
724503
216482
191813
162685
209499
766654
292491
154559
691144
69595
856791
621211
125040
97972
943875
727278
435508
69100
90589
601084
438039
385312
331636
492095
879692
745380
657174
541208
307833
298634
98475
215130
393705
828749
971317
235230
296181
14975
494383
601532
920176
498292
343356
387128
155561
293552
347608
775749
653501
313043
194774
208538
96053
244335
496806
795563
782063
232359
728770
517840
102410
74601
626578
33675
252831
737587
459079
911574
580181
983648
22723
245315
746583
28857
859595
484943
358203
792866
670572
484423
377538
305493
642109
985817
984217
751745
507355
795788
333686
498638
910506
286098
337194
665167
154113
87555
559171
807030
929003
807723
60708
413952
231063
842353
975579
267912
957142
794981
152633
118429
559497
124244
78988
69546
333828
87324
691138
74447
617473
771625
640573
668989
814507
286245
844119
187727
114137
85512
271482
675942
516891
714921
675686
269377
294582
820721
707114
881409
493698
464321
629167
811857
139726
80019
690978
419009
320344
319484
710648
525196
691145
766353
277361
19776
381243
316995
810437
327524
128949
802114
958650
656791
897469
381709
850462
228716
406104
588114
760298
532496
403916
19606
8548
548407
27575
997376
368703
609750
27193
489207
652232
208909
172632
357626
669038
741024
544093
551761
38812
574763
851737
34588
349151
837247
620688
67845
113543
738229
439534
380822
538666
73070
935428
464435
58222
653666
153513
883301
13057
78564
188263
98696
603066
950234
853415
85282
823939
728863
370255
870458
171460
552222
57620
599032
952986
780404
311300
692445
129932
43305
198166
446859
83756
658533
931657
170469
774535
791493
633704
112895
273507
385223
616745
274094
899554
157097
243505
280382
825484
736791
174058
741640
663196
243390
547535
676125
623828
849065
751105
859716
12440
121173
18353
661986
448393
367280
253640
394321
94833
438986
863820
409566
315825
710830
19509
895571
917476
370479
417489
758559
794224
960351
981477
862343
507288
646763
788739
460321
65876
413011
274110
707274
74157
693963
749969
568222
815244
321022
922653
223747
67677
576001
818601
953000
82606
261611
177319
682145
879949
596238
770039
209494
593264
778790
797324
471064
307907
157367
303228
328551
614966
350858
434464
739533
869879
271859
449713
432106
652326
273050
957924
344618
564290
361982
745932
624808
809633
193236
393710
361767
689197
903020
950270
774226
302767
971807
753550
817694
316992
487268
309375
680042
832159
563407
907872
827287
773805
161668
931471
641878
296411
913599
255904
750596
74025
674303
4515
22923
975469
232993
584255
991866
491263
781163
453121
542895
305381
860362
836765
873928
993297
190206
786472
830954
30334
959786
679778
273987
405085
433810
435486
731315
413361
278359
111703
80827
368867
83843
247627
524044
437687
33431
901096
725023
876443
535688
513110
662444
813720
383986
381359
25176
987506
472994
680369
955019
56638
645094
293333
317185
123374
687057
924228
633370
368808
644977
544139
197261
230068
59798
513872
497271
729834
623542
10536
384232
246179
337034
289654
929395
962540
103197
137299
524635
705295
832026
397531
988701
572889
538683
653706
488949
942234
770228
573145
994547
182082
250608
789929
587982
185839
576139
359424
902696
189690
853495
719778
717569
516538
788203
238692
106131
780328
587913
612555
673217
70784
668054
824762
996345
713310
138026
678578
355276
307419
725860
781028
607909
929388
61316
928021
95499
823149
586466
990215
862963
351220
539134
700728
274680
699461
315575
578324
437862
790523
189431
284602
310308
932502
483724
540297
523864
309304
943204
627341
653286
512642
829002
890723
499406
831026
748187
798581
340793
236085
84542
851586
342280
232590
159293
320560
762518
49398
736100
355721
663533
502291
127058
460663
104269
330797
58422
953864
197331
765126
930820
64044
957328
925458
311699
531760
627467
248788
305896
986950
277715
65055
190643
209612
358146
821139
972779
79966
234366
128003
626105
285070
172271
17022
799711
530041
295430
832287
465212
914245
37531
947015
807415
24809
173606
344480
998103
445451
277219
356422
969243
942418
184221
505396
906409
723013
49772
595012
92687
785524
894751
185405
118189
93512
779542
153317
577042
251089
267489
767903
173814
543644
439989
660577
46849
190727
191044
741136
400080
238039
905783
266455
847979
226283
574392
853906
477667
996100
744118
48319
21873
832424
782247
235859
600127
589146
759562
543994
921740
807664
186748
362882
202288
148682
888755
285156
960143
199876
567947
583535
159137
719612
22056
198101
190070
296740
860469
74366
518122
435100
167137
80348
184456
786217
90435
818051
626336
418034
551489
307094
461227
931671
43689
897582
39286
77739
131221
239247
670949
795886
359287
818203
371840
124304
154586
823022
14782
59602
258203
871647
469196
393634
593603
224073
3607
816051
89634
479455
364094
600060
771055
422359
56622
840551
934715
363228
603210
441028
95142
266653
142367
284917
706798
485570
830830
881353
387649
434290
954621
844349
350632
402861
727579
122877
570712
337015
157318
632653
108051
48506
687499
636561
354925
56761
790279
975721
259012
820356
703132
331791
718620
21822
888759
331111
280500
983730
532580
359911
709431
955104
151784
135879
648556
592716
220804
679515
853596
788958
630687
490511
588640
894316
171827
881326
584982
751513
394669
23987
786810
743725
282326
669073
23821
757405
719039
414684
166628
843226
646775
102781
916523
861599
272744
809110
24423
302016
828282
879886
889332
15695
399054
925759
434155
47448
192472
306289
353962
786818
488010
404706
175667
657053
39811
554949
645156
259865
36292
679644
958309
296596
664250
329544
636078
988184
374807
129859
183918
652982
172527
282777
439492
659429
271699
774979
169849
322825
783513
212504
275069
745782
262566
310780
244658
730889
114816
715632
796914
927680
721425
107088
577694
855832
724026
468376
42182
611147
284387
711556
514739
492580
473263
201141
27729
866671
699813
428933
24114
37474
51
590093
144727
952048
779544
717857
968588
454761
622281
78537
976574
861600
475601
667384
963693
908132
888503
434254
2285
686175
143959
183196
525608
502845
122773
544585
126812
952853
719418
469624
553890
433849
686616
827714
231932
705328
715787
497360
157717
554309
103676
746769
85499
991764
156959
212414
203494
423301
943991
819660
965670
79407
295031
479362
382316
392182
828309
478715
596151
686509
586872
986167
331069
147394
773939
127978
170602
454752
360027
451463
904661
723182
151885
130920
860980
186469
563224
634862
924332
654653
765326
551791
103742
924654
567703
601220
125459
901296
170481
655279
308762
167088
893280
264071
970059
418709
592952
814854
762414
345768
857635
67634
807415
971548
332881
93469
986338
367929
620216
431034
448043
139963
969448
180246
902471
380346
671423
474784
114683
399150
384846
147048
330656
954289
145014
70125
150500
920274
693693
398877
439311
768604
209904
755602
498529
536414
271828
133642
357906
63201
55745
362682
498208
549741
853418
774790
327616
766142
423792
138605
569812
35674
260706
129365
18770
317031
387059
43865
841657
189215
263530
801742
212879
946755
605705
165448
259082
230267
79741
486090
889773
289457
902633
332019
780980
432868
93552
762456
182441
802520
530058
122554
30211
908609
618253
837882
564147
440799
131049
403171
567849
465658
602403
684174
267208
526260
676762
185223
74791
198567
367147
93111
441173
213622
874961
974329
648581
777250
516868
141735
264237
592574
557509
509517
683648
630134
559708
56739
579015
851730
651230
933239
108636
112207
710490
352341
245787
332263
427798
220011
704483
944738
718828
152303
789361
378002
582907
13866
257403
292783
230830
446980
551954
846398
903231
394138
94227
136458
450690
58954
455749
822490
120111
546480
400193
52197
608336
979789
824539
597982
839597
688641
618840
885471
474440
843156
578665
950784
411100
485494
366762
620467
925504
436194
728964
741156
669587
989992
104529
998242
203084
129388
817548
550387
534390
725744
335408
235048
502470
470155
734104
199361
890271
476453
42063
633042
349867
638963
157060
856114
502176
744422
323737
350320
480177
253550
661824
98599
525567
855042
195927
374879
757534
453177
198748
211857
46687
785770
454461
313590
312316
964583
541062
340567
312502
538281
2251
617575
512350
190221
240505
436885
765090
749036
489479
817920
802105
819066
534332
942504
726641
102863
855427
247751
139039
212523
572587
930486
610876
945497
395299
979662
950293
48974
229839
385108
703567
401439
894210
442563
862959
773071
463498
330481
719858
150978
312686
886587
28629
689115
999482
291989
571390
242806
424699
410835
792357
856949
190056
225491
849023
56314
913355
487877
898954
194049
130531
971188
403655
174617
27242
924301
222520
42035
493685
340972
673545
220214
54030
577678
165934
251493
190675
270342
404079
549896
391354
181083
286667
774251
195370
751164
422821
277099
225224
965777
678377
430620
190861
173930
442298
529978
917052
958962
354950
806808
80699
327767
261253
478851
513803
439640
558393
741032
89135
658029
99941
62537
738572
35149
919041
242548
130150
643855
403567
407201
406693
632976
449203
234699
872322
830777
167084
606018
439800
880577
11411
218450
48231
860081
339629
476485
529535
592653
821794
666415
400672
628238
634681
575896
77918
854375
133656
552763
909061
919161
499130
133369
637069
73892
964251
858247
807268
752795
775412
974887
513651
532472
330236
804635
309575
402411
493921
283956
924409
855201
684855
653589
436581
828936
654124
224339
640368
910670
178140
872246
150259
607819
863148
150102
404459
259578
263884
888498
353916
740601
878088
647287
22240
299318
305032
819706
763607
521499
513115
211773
184641
410870
652176
613838
863215
15032
817413
9010
968108
472773
210925
415216
551434
890871
275575
952078
137909
547414
303113
964112
55052
420126
745883
579531
871219
637333
849870
183578
750810
829170
894157
266543
53501
396151
59270
179024
334553
596372
77677
577955
340843
514516
229280
654569
6162
483685
641879
758890
645356
666603
298326
721486
205388
810834
936182
542532
70790
160665
628323
92950
911242
64862
660349
36388
563947
196953
992145
105105
512072
864435
759960
935010
82297
451644
148973
424258
530147
312601
718329
57959
348711
71369
434621
226244
757347
321014
820720
270047
805982
62598
179937
180457
476477
920669
583276
616036
550396
177788
191973
331311
744689
757671
744400
577591
787941
230181
799020
240922
114143
974951
416854
688723
882805
261261
228152
148855
581326
901280
586705
40765
800882
136473
41578
491759
750267
374396
848158
954870
313506
99744
902651
844886
428787
620365
508384
979168
313330
805417
415764
39890
644348
623119
996860
645910
478492
757623
371782
850451
560629
551346
846762
10395
347031
816449
472709
935698
292344
260298
358455
1702
484174
220987
169623
757048
703908
770784
995778
835053
286828
135262
419799
207362
193815
962445
617805
216104
402859
367453
629087
400664
48597
610290
632912
251023
849231
993521
656282
572191
184148
183128
987022
42166
473033
893339
837696
762226
104997
914442
494123
263821
972279
120001
444446
606130
544523
76261
292487
598647
952304
610446
602873
550773
341100
808585
321147
445436
206601
940681
912753
215756
699829
300202
983615
334361
47194
294956
727617
130410
313528
502580
83325
552856
331135
333566
453392
914629
830958
455181
753057
743930
189442
467852
190517
153124
462907
752256
201051
914277
403937
215694
802258
375895
804493
869885
606745
860336
356990
470896
320347
247692
102908
51591
649111
821596
414344
857975
748264
571271
902267
369828
896118
370861
451781
662472
731980
401926
102672
306299
691014
636766
189909
500900
440922
796229
255014
223442
346095
691030
40840
457322
878644
234679
502216
356233
197448
865551
592204
808294
535819
861154
855817
275982
728883
3510
3100
321490
826424
753917
726039
683986
426291
669666
803556
37307
554431
207554
256228
638956
773701
608100
279825
69329
740976
206719
143359
558179
152846
786889
147683
80172
57180
838523
565728
636635
568114
456284
794844
945191
758224
544246
772243
592138
940391
645509
143645
419360
76823
41063
278780
963473
52628
791219
297378
118787
820331
61697
229271
543323
412106
67113
993847
113241
574428
366101
545538
256419
410453
817306
600614
104031
927321
208746
490394
386009
453291
459153
558022
817160
729480
252975
140189
347940
629914
130906
103171
165320
578005
94864
431344
673297
374421
545724
46408
583427
459827
37366
424155
725018
776359
476338
369212
34817
449109
70748
874338
461242
403840
650282
224276
436542
218850
304560
430998
542640
998388
394569
251308
880298
810698
370324
863674
145981
52868
747121
573742
199643
971379
4702
568095
687657
962060
441004
488612
888453
653126
641711
563260
751566
175324
197117
415479
64460
963711
86350
445546
57961
589274
846594
600616
998589
440919
312738
164493
533011
982519
902497
193268
142484
658521
621432
649841
431361
770928
259797
538538
117875
471843
598495
855846
171433
149141
167443
990875
160462
82866
865997
442354
75819
80951
757161
737883
119900
884963
320459
960615
971780
168137
83956
763044
243486
73662
135928
682160
419199
328744
539103
547308
245732
458698
970424
493116
429177
413170
420892
658978
320063
36278
392883
324326
860850
434192
82199
760900
488491
680448
425150
200917
25327
254595
147471
766061
954875
829173
967217
530823
548809
80892
143499
120740
737575
196083
760093
283578
734030
482643
159953
249675
553655
410479
584795
267173
103774
613786
347071
256905
833105
335910
432711
161945
331989
944185
684676
17502
463676
858463
530447
669450
17908
172331
537755
831402
892366
302584
225985
75871
662337
685129
691586
225852
415410
461137
361590
921595
325013
509228
420261
297327
400243
540988
200757
418209
815953
223345
963
262086
479078
586199
438446
430080
496753
453363
132520
910876
347274
520694
906627
408200
423219
178265
270505
735028
779108
103329
646452
493283
521900
551727
716959
628151
292235
686318
80786
311190
409754
522105
407328
87944
227479
108134
9057
542281
519211
549458
538783
323827
826192
81775
300552
591767
824989
363619
728746
623547
216459
980209
301685
98649
299095
219536
294443
767228
551506
414864
443217
357325
311866
56972
806887
167141
154625
865341
641606
564162
455432
969756
230495
609544
272133
497251
412795
823519
859403
2149
283118
369671
843516
111677
587512
618272
121466
484311
193357
893905
945372
379141
457322
956359
972535
787956
234146
866452
118071
616188
359052
726326
754868
593253
11951
540146
372671
707376
600174
395299
422207
319575
891216
284080
338766
720255
799195
383773
303448
596274
86526
998189
455953
24246
454186
330301
646210
584036
74246
305800
35731
583627
10890
401379
243679
41761
302297
844332
163053
839213
204331
359623
184222
232219
248095
460200
611235
411938
333835
337707
570540
749305
493698
769822
826121
874958
241514
390856
475968
101359
994771
705138
508417
945526
141345
527411
263736
849940
259189
699399
698474
153981
967459
880830
250669
90371
813407
987618
42641
306164
90659
374945
965108
85716
855575
577790
298406
764500
118023
301000
84957
809953
187827
503832
837462
429441
608300
729863
676764
687154
960834
484264
313053
593586
225685
358617
782654
700958
88606
855750
429906
752847
377333
855375
1016
88177
719101
698226
353529
593197
750046
153064
112128
436704
970915
281139
606240
920128
218530
292614
614966
668436
685395
310835
660552
300594
930210
312485
995026
873808
787002
634999
473993
918081
28006
367521
846241
680705
534008
642708
430512
710870
499587
375573
759328
373386
847356
386498
338916
637319
248910
341549
261512
797465
456970
511748
956564
696295
924914
596737
421098
595268
164182
513684
468537
769691
586189
92319
652581
136141
671489
152684
824541
125800
807481
723020
297825
767485
461846
667555
161302
300334
791562
263596
202061
557895
454413
624002
706711
809909
210384
358434
718584
743400
337585
391682
15181
924095
745394
222575
680706
350764
304903
799100
359323
949890
363107
894706
835829
671636
325116
148224
89224
19573
231628
357499
695848
222486
224942
321920
46355
401736
933336
572674
689342
885803
721602
615324
931650
327621
641152
926660
399039
693491
737194
701351
424534
104041
85904
529880
540643
990536
767258
791423
825733
630
216909
111387
636914
976193
705783
29889
9315
448760
543997
730937
171029
107297
729446
761206
923040
454632
731894
486985
995158
466176
661276
501576
230808
445433
482807
100584
812341
566443
73933
390988
649628
946455
790706
445319
759105
941955
281846
196560
997212
164433
660874
120075
866431
698019
172424
712376
887842
911235
675061
530186
722914
482218
345140
535846
746962
172195
220662
776966
468637
695047
937057
394758
966960
594106
267826
48969
534623
92143
592171
290456
54099
141490
192244
884364
204008
679949
969499
732927
660748
469076
671982
408137
245431
437892
18338
174231
404792
179671
930351
800735
220723
384793
197076
247157
126623
866853
541996
652781
299844
590948
253910
764771
756468
238406
940857
153768
947649
603545
49367
285909
511939
853068
126791
588568
315041
435750
885396
95982
319193
887590
283176
580006
741730
103503
361875
781761
524066
985750
600438
751449
571468
14951
346191
250725
587200
874552
33607
526623
380448
501107
675438
447453
861165
288217
58446
463556
349091
44431
193705
789508
293455
255789
854377
8406
965923
798139
49749
282796
262574
812600
997155
503953
312403
835565
128958
367781
326997
795836
503420
595930
521087
802354
503537
998073
110932
642391
606274
692581
574282
796650
552801
14301
580764
302832
155507
185655
146755
491073
790992
546705
229169
168050
275983
733728
800811
603316
282676
843493
344937
814912
111282
207169
637451
143341
623745
235717
141165
662328
369931
580038
800427
135630
828677
316700
305138
734035
76967
279006
651629
285289
724032
673164
659784
186289
565917
290472
859528
419548
822591
419571
427505
310406
458390
163357
738821
242474
531400
18241
649527
426274
690503
847209
735536
335246
347809
660147
1121
806806
490263
888806
113314
688218
894642
963520
273841
900700
4312
205045
7563
999606
582007
109632
740517
536165
556977
642221
301432
363941
893917
521979
945378
980636
735723
951348
580994
631607
228862
714299
247571
916011
438675
255220
774784
778988
407854
323170
41914
965645
739807
163019
823539
134431
967002
300901
544141
527212
578459
76751
501703
782524
115520
498392
464318
378579
193043
716526
298031
806306
960860
902238
285481
964987
164431
625655
184624
744433
496130
893063
80222
572202
954869
347925
268884
469247
687083
371427
415653
583601
102067
753265
453627
974434
510391
172887
342012
932763
330194
594966
763878
486855
384514
801119
668496
608188
387070
256807
76043
710035
400011
947515
664856
222807
483665
348658
749718
314464
942486
480202
325624
684626
726127
646802
457740
518965
84088
397112
513184
719233
40843
631876
553193
597507
572302
55645
149144
954697
515377
879766
404368
928203
232788
888265
542336
597122
96897
306141
249159
761261
276622
452480
518148
169712
786669
270964
235301
859046
410533
500408
667363
512253
892202
473039
904132
605086
29304
216148
637673
880753
42650
757658
261277
937923
682230
400584
43164
76878
190551
337883
769579
277459
82479
89691
280974
815317
573258
770129
958351
919477
266290
87839
958146
294119
435202
246545
550759
460663
316517
171397
796210
18067
407583
888932
739942
532417
410612
362269
581873
362677
27861
626172
188526
987916
771316
235590
87838
774390
983536
732085
515816
490796
772607
318892
527631
285219
307822
139010
50689
516292
76805
170606
118196
448472
904766
922039
621749
648865
331803
663776
442477
452131
322783
789214
835486
901281
504939
777831
82988
259980
554528
574176
847090
789805
43949
216953
526767
761637
368505
620052
425828
33137
308581
276907
829493
372611
230149
148597
878919
46574
247314
173825
185059
416178
969688
185108
380775
888733
167855
791637
802894
498729
974077
252631
622336
923485
977438
591487
609349
742373
183378
100810
888518
997740
214051
977045
667824
525945
746657
966939
119109
271414
33112
373813
992053
484025
156221
270576
532595
31833
135727
739658
340090
674629
675029
149795
80422
378642
548298
951364
898335
626241
193860
538423
189953
982108
552959
91253
752908
757568
339215
964883
59841
2951
347833
584555
814443
169666
903494
671120
19106
540364
633490
1175
72593
399910
204210
918873
169225
334065
598865
963139
737501
342738
693611
231678
94852
738025
715907
741888
391385
486451
386120
701193
687598
896732
653154
304418
728227
941286
116391
10362
73057
583836
268209
356391
951406
308096
715223
636586
959241
900990
314874
59435
222098
311953
861057
288514
227834
138907
575090
253471
470026
846874
454584
113820
210662
596591
679610
162804
177132
232504
922089
437085
667968
763361
464820
483453
679390
201136
4467
32776
120127
427499
521381
166204
979982
967728
186275
21874
672044
856615
157246
72365
992224
448764
593073
623818
196331
48463
305417
461891
624088
6936
985529
731244
619021
526467
723021
337574
636031
971411
91347
352168
678365
578045
455813
876399
877921
433821
360229
518956
850774
5666
536689
113496
579300
935284
601020
818056
875013
421363
658641
259661
421372
629750
714363
972288
261269
917894
600091
917268
577699
796130
635130
992038
515952
787311
508250
821175
127500
367510
245200
623038
473468
887235
266565
888951
593191
846258
201127
324011
102117
123048
840749
193223
863634
630246
44000
313782
550018
472939
967843
146508
762194
900640
55699
570898
774444
945627
816958
528263
372246
453852
889669
477431
961812
379189
846194
739280
493576
138966
980876
493429
453975
357720
397469
913270
663300
637892
888676
980521
5828
652657
611139
176572
259271
372808
285661
415778
234347
932389
711468
287576
945628
289575
382965
584625
627235
8069
740259
970161
885350
908413
698354
967762
746006
730311
858736
292923
689875
82282
964197
757306
98405
559684
361984
904561
613763
762223
899354
887704
422115
908963
321928
952744
670768
271451
231169
803793
552245
919808
750491
293945
361627
460484
331693
62513
37022
700323
971126
787852
615840
476590
571519
152682
177599
138469
262052
312956
311377
356986
653413
163268
475459
333417
919428
294284
142791
947608
330911
527869
381393
260136
296320
450617
594464
256370
794531
554144
603443
422837
53540
838626
691932
108375
365476
85481
181571
229214
798234
374483
655427
360130
486655
137813
942794
629166
756169
528295
141673
543251
295900
787379
656992
450571
201525
787344
455367
129800
298048
313311
716206
717650
965378
205222
908249
689550
451608
843745
324489
148646
436873
193224
793468
355771
207698
951978
991091
25390
191435
3042
169780
827987
817701
640290
887445
48059
40230
765613
948875
751006
193189
179446
149396
223390
205218
642375
754875
564106
848509
154148
807389
982721
139237
910568
77636
242972
310037
370522
398524
879367
703368
417963
626685
144336
59894
850315
76152
151664
529374
792179
686180
470585
312582
180087
802948
916501
968632
618672
787072
365712
892566
878808
597729
803705
164076
1342
28586
465110
148269
696556
40686
582534
796875
154596
329720
577609
136034
302484
472232
861904
723828
129233
842060
438640
392325
909217
152661
550489
737817
277219
567965
345214
65259
814637
617249
702517
114432
802088
649034
164857
975294
17522
282661
778797
638799
98802
443766
999647
934034
951271
976508
530800
809572
345575
365095
262168
103560
706670
284229
657686
477802
39349
607353
855649
542044
488635
430287
770232
834858
743434
835966
640261
767671
860849
907015
985168
646691
354537
573144
763583
995516
824054
966898
818762
558538
959103
572198
847282
828285
619386
619327
402305
346941
912959
309432
712998
650018
899019
374424
420992
119336
769937
547242
986475
770636
828635
490155
801742
860159
108937
232576
669676
427143
711263
263458
358359
986116
142027
686577
414702
164165
243135
537451
333620
574846
809321
259875
874000
948104
186022
958380
789340
538505
528225
918980
924335
475591
459161
862614
310220
606422
52312
125475
773961
176949
130966
115717
357188
667355
445518
586716
386272
247068
755773
206411
100971
16850
555055
188581
539805
676469
365360
769629
431018
623626
302252
813359
90676
969355
337649
55420
406669
162454
797025
351230
680498
859845
128635
198474
950803
624639
218325
610413
557045
128459
663878
603075
331055
282747
693799
452435
636773
487377
144366
425150
67530
672412
148065
589380
825673
953140
308886
458162
745336
993415
1012
407342
927902
917837
194813
654777
132127
685591
789057
135623
137467
206931
629320
203956
772484
778630
119568
455186
947992
23193
342915
714418
744666
819061
73561
993114
258188
585305
404408
713821
866614
651290
439696
989785
883769
647851
934134
446465
7816
276715
223908
906111
204233
228169
841611
975700
624907
553697
862488
667345
395478
171453
51113
790048
169273
355443
484809
546389
405647
141470
756252
598307
54189
42303
262125
534752
763726
599184
69126
403437
189282
63741
539581
650103
534848
142843
145475
933408
862144
929440
475873
630578
111026
949098
146300
599197
66379
571976
845176
448697
243799
237426
124419
89058
995470
786119
103101
407540
714767
402889
791118
161187
531416
379997
207220
390816
817559
563470
766845
114805
711902
564076
684737
541872
786729
711554
593537
37391
745576
690001
966830
243337
234874
864711
904796
904685
287438
569035
345152
721200
96437
669249
295640
819499
541684
351973
266873
325621
232248
273736
468102
395710
574318
822422
740292
580748
470662
794671
425893
820853
553603
822704
592717
620236
383681
11778
530392
119183
420279
175240
157407
568315
951134
225931
118532
432089
499243
51017
570115
55399
782140
344478
95853
981785
836549
997047
192095
279453
556439
427277
149191
93952
279644
589425
704348
974547
462882
362635
274271
61652
597782
270373
171739
629199
533510
794744
407314
108531
55161
137358
124090
88641
361901
678228
998901
612823
974191
949003
764789
497338
959158
615054
624968
305017
69062
639680
457075
921638
566970
399494
875142
458414
280115
112303
522795
889636
266608
335715
764209
956617
321097
17857
708610
671198
933875
300562
594410
490023
145643
808822
957145
756700
612428
818542
990998
710419
444523
62679
360901
593317
65628
792171
572951
853064
910720
596584
724397
499527
966766
546113
860425
558544
716657
962137
97524
487248
373437
783156
493344
990674
519475
810504
788291
189176
59928
514803
154639
183610
983126
148365
894144
487047
729653
893111
471596
512343
98232
842735
144660
358846
315239
979825
576465
929649
302535
641676
573359
691585
783519
786750
97995
274388
197936
395735
911797
931536
658982
107496
701633
395282
746459
817521
357510
930070
656647
686455
854084
518092
171012
649661
305741
766312
192112
217461
655052
906637
110517
12807
388765
6280
577554
875282
961923
233838
368297
464964
106805
824915
622125
620717
54515
244643
77673
78944
542716
89385
561896
572230
774407
87675
418727
899775
643356
792909
509322
485901
343005
316430
643569
92084
80813
456448
186306
107001
730744
66744
412178
719019
866146
202670
570629
114795
887653
526366
780249
153259
732760
800745
578951
536366
994705
639191
482446
989465
818263
791358
207275
115394
386429
940217
160363
110972
551477
869765
79686
189784
302922
814638
973609
898229
298452
675815
458162
348295
752558
723286
995824
466056
685417
162733
184492
553874
937526
676448
422052
711349
241617
528982
653049
975701
576670
124254
523406
466569
757221
245931
153860
647298
599837
20871
270790
290634
926204
98471
332864
977494
91766
76575
964862
186255
263155
822675
850532
608973
268858
621358
368332
826091
221182
568689
576923
609014
588649
661228
392338
354089
843277
533861
729309
283081
256592
796184
723810
883980
599744
289986
265410
173532
305653
88004
135917
983144
154426
392514
311298
68527
491204
355528
907585
698915
529843
420455
281208
377208
279617
397723
898651
211671
420618
849034
544732
254432
534341
294511
25616
252954
846029
342413
105052
301269
657329
878907
290480
327076
614402
759000
166448
246470
19484
438201
447844
969605
968653
698407
932984
645736
899417
434525
293814
264184
726677
859113
413182
781826
342720
157905
848363
615231
16463
706378
458497
860028
988245
805785
164171
438755
506254
198155
880577
259804
76815
903579
135801
62692
38558
115147
24668
979488
225068
495141
499215
990874
88836
774708
179846
696731
263457
639199
950027
212670
512198
11588
338890
764722
712926
772675
633737
617155
585312
714613
595818
77409
224361
36303
42962
161114
27597
890219
646476
328376
690782
875695
413942
9048
755434
712160
363433
842439
891583
38551
717184
237032
21738
715760
227746
527265
434793
213076
919840
738627
155057
330585
923519
669178
492786
484425
236763
241807
83431
827801
27563
109747
598575
318742
400236
504838
158046
739522
76027
692639
87827
260423
478561
239861
471700
277440
717457
503939
517757
919889
97407
589661
872205
985876
843365
348112
377585
545434
450863
988433
693873
34656
392844
795688
563780
124354
580086
943596
176795
432543
215007
443111
66305
238509
970294
682631
6085
437461
747805
666513
879788
58918
213116
398162
251769
970341
371842
796591
197962
910366
397283
747253
109120
549655
105865
107270
17639
34722
790427
317597
141433
526539
555502
358498
679812
887984
336150
777360
46192
592481
33695
305724
58428
548841
703317
191394
637237
724616
211287
99628
929881
135397
166016
317059
157019
705925
729482
718704
211231
625377
14356
216276
680909
365707
369128
501433
86068
885960
636723
871838
610514
886682
233241
857785
579034
82915
286829
412385
288288
919415
941371
703174
129189
935796
16689
374453
312567
21953
755928
995559
288184
376988
546917
168936
124033
76366
419774
25106
109308
180964
249159
931568
426269
334756
257856
50255
998562
342809
280495
702932
734252
987995
836333
860195
944276
457835
59783
118643
252347
641603
780935
828764
411827
2515
310918
797137
679205
790142
14910
343243
598554
919794
708577
667762
199478
847635
450638
769370
812472
344581
185736
514698
189143
67670
155936
563162
485382
607808
285264
936572
877772
385060
518488
141909
25075
954396
565545
385677
304193
318501
850474
209941
887051
786827
929431
215454
321976
894380
332658
26785
731527
102209
905239
415257
618078
745085
266004
38
754636
812205
890665
712347
24278
792100
912155
402533
451677
598482
458729
990361
681391
992445
45520
453601
101933
230958
211547
560852
898388
195978
740046
164591
11346
116791
335400
163941
990355
344896
538841
739881
855120
704483
169409
215488
407660
885959
804697
661479
815272
903819
977961
417800
280741
848438
140581
407621
96613
934634
506276
447207
397053
303948
573444
589901
702077
205894
479221
738069
758783
184115
684656
606746
373734
362559
472034
317150
672380
708344
116344
281264
706292
165325
218553
668201
93930
931874
648586
788337
346367
972388
835263
101593
352438
203977
219133
524571
341268
747184
854788
137267
974389
82757
815485
819089
659136
2797
545743
395945
268595
935894
989267
973181
313477
350628
556525
111795
381304
359135
905287
839131
385240
184078
606279
681868
632632
429211
96500
124760
267639
273895
11372
905644
550689
501984
616003
921777
645892
89697
558648
758180
35034
364455
283815
580676
118693
55226
923776
714717
877771
526677
967169
254544
559283
767219
547077
720540
919684
687521
659971
68256
68577
569024
355463
953481
886302
860794
685576
469768
242482
828165
33309
405379
879002
515699
545700
348643
769042
958329
188088
7903
568462
21711
761687
369153
399902
804971
724501
177359
712951
30100
928928
429347
838592
769807
360911
979303
810006
616802
977539
124528
59335
707971
60494
831778
949799
501055
675407
718931
882631
303682
104626
166054
793525
993018
137447
828885
433020
610957
126114
4794
574372
33427
824671
290824
9333
305071
70775
223022
613852
806029
842050
460718
52364
948912
53155
645726
356583
380125
296511
377083
758872
185100
498934
177190
762878
617786
367204
328343
974934
388989
392797
660851
873042
125784
325564
527676
847148
584468
356709
582620
682977
524009
58993
236448
182953
998735
538591
664183
60897
915998
945990
846618
973439
682362
374301
414136
262571
725667
554117
310041
379539
192863
467638
435611
224755
793496
91097
585760
144398
978165
204588
774466
452395
236534
357618
122839
620284
565594
500893
104147
697698
146661
632045
74505
998708
832482
711615
632522
966759
797141
583565
893690
564029
761561
331936
899877
889805
445700
650970
167711
263228
952018
451494
225594
835432
215421
966116
537697
734268
657921
818376
483525
260918
327520
349704
231397
898530
478388
205669
287569
260426
797034
385248
228696
930163
543996
458406
259926
643479
573171
193198
815082
746930
914927
597750
689845
65893
626311
527668
439640
973056
809699
740701
750668
391610
237082
114603
40730
453913
117666
76682
954381
857078
626928
273897
193345
507846
283338
531851
509785
88528
579691
818216
26896
393210
868113
821291
60328
770281
559935
111735
125157
857775
547597
592603
615167
601709
323071
643624
558614
81381
247943
708693
446404
527677
217577
592646
233308
457054
774739
698427
599606
181139
249869
941885
800605
518240
967331
527369
53740
710498
93443
171537
473673
651105
442955
591667
779541
369677
57657
42258
213757
817656
143585
612651
420314
707650
185885
592247
82648
868252
27802
384339
940593
992847
610746
436078
934082
911268
131074
344116
722182
661945
244247
526107
680508
313764
491290
583227
644766
143180
582295
816889
24599
896043
348564
257014
567651
669641
35646
59618
236831
796526
720633
751934
519251
611246
73632
98554
523054
538650
634968
163735
659578
505415
112864
720308
900856
174563
263180
891399
149934
995980
406399
25742
435382
188016
72833
405870
329640
147813
907049
257295
385996
145733
463662
923450
235029
11714
399623
268221
796507
836
396613
155423
977948
574835
885779
973271
499265
410765
317668
339906
532634
469439
432295
771566
171462
423254
11032
104732
387103
24667
228246
846824
810384
372023
892983
270964
551402
542394
688295
205051
413452
939418
204203
187001
326558
283327
402979
85221
905391
452994
379875
297699
189917
311962
194803
862192
613403
856367
404220
295017
204576
146447
422755
596987
726241
212722
688643
374883
445664
775501
705848
629672
267741
7160
832953
645399
695042
911506
439498
399565
348659
382819
869329
174818
865562
950305
187211
287236
292831
255823
175612
214656
595683
624133
518411
728554
915133
167456
425128
971133
62216
256386
638517
340408
110305
596176
314784
501745
498467
746573
775948
569029
433800
225398
999777
956919
18052
813468
937647
578577
899730
556885
129097
825990
59264
481939
940581
994524
381044
34276
316292
990085
622743
777250
67210
682432
393312
673702
431755
645508
886142
33666
876280
810855
167175
751801
539432
295830
499465
815471
462606
568381
93697
978264
944240
117620
553790
2861
521743
121359
143671
208797
514298
434262
994623
512891
763006
816316
390523
426892
603783
582871
45476
982885
989973
895558
714434
914947
200987
128970
94700
114560
904553
283423
261703
474711
210025
911178
45798
954511
371972
244874
968050
197381
471550
769137
965441
678093
140943
73325
652281
968757
459877
404269
596277
1291
891105
228685
479888
41608
316730
503724
57639
575335
825547
949946
302309
884814
621473
844341
943772
923266
468288
919257
602717
136033
509085
130714
822286
310311
429129
394937
157985
149000
642563
111416
546957
982317
979974
237021
742852
368444
670984
324926
680750
8040
424255
871536
80618
758254
159726
217901
754655
785754
605061
312151
14888
356329
951335
790707
764496
340394
28662
15600
542053
698656
757058
396919
74328
485650
538141
987280
557579
502997
11711
842816
734608
244608
492412
721318
375077
477744
438842
485090
62801
825862
90229
247682
686493
713939
882071
590687
928581
884745
451765
181053
328226
755694
540236
947567
831193
8625
596946
488594
325301
728779
592049
804111
413047
246010
574024
333300
539073
114829
921869
845300
95984
949273
875497
383557
479806
968994
837496
586141
454587
983712
346098
416922
737473
56332
987501
376248
953266
708284
674983
136180
197560
217445
820280
406537
998397
763890
199183
315108
208629
714983
160228
109441
487329
310355
818319
492213
362167
404223
799398
137161
379470
257212
937743
109114
353943
719993
390971
997266
430828
753424
748373
36552
778283
998320
97244
37031
42205
281330
911863
151123
4206
826037
937101
905481
957185
696126
271422
358893
53199
988153
23284
195928
658845
152817
234651
148631
141790
383686
586404
420191
68893
587176
403608
505218
543537
398747
725943
690759
773719
584028
955632
280728
890366
537319
87401
132964
517449
587466
383937
73164
818776
228
705962
494279
963675
616342
69369
23599
498760
289367
58783
337000
428328
248940
817910
372820
929726
47440
30391
400379
145102
834706
703272
169942
806638
348325
587245
262071
563178
488593
53835
132771
936490
948204
643346
280509
872532
780081
543034
458096
130135
121068
560070
213511
400701
441282
709515
317500
381364
214995
474223
771258
353836
414956
301993
468362
750418
389608
997807
439950
93350
217691
115028
788004
498397
347224
337002
313350
661214
242093
556959
170543
612466
797882
694167
497350
18458
640814
670383
464372
696823
542515
491629
29298
427229
111350
964644
977214
1573
228802
154326
541946
841886
375913
131234
978811
644899
216246
958746
807509
49935
450036
556889
553255
294458
480037
140415
569472
601613
790608
191011
917199
173162
250387
112877
477074
12754
607999
336330
513127
390071
544772
811154
809180
277262
588597
257561
733603
925242
171926
466088
895062
987770
765524
81619
6118
929894
189255
403850
581872
21819
45298
951903
810538
111864
248689
651631
528504
699235
627562
393443
447805
817100
389242
503342
487528
282227
360225
890092
497085
928780
11564
253182
761656
855454
302547
452486
741911
32920
686060
283063
634888
145829
762443
164371
678124
275151
768294
294292
974166
960944
969538
916876
495259
690535
2208
910037
957523
987944
323604
841799
923494
985242
718941
730933
278105
782395
889464
672730
430256
806872
433279
514832
795795
262382
850737
5721
627327
383574
402202
55434
211221
790447
463064
247874
572227
513936
287774
743371
261688
132327
717409
426249
853301
148568
327732
240227
74577
819131
693238
883975
804668
434084
825813
22780
837089
321145
119957
651287
226581
488049
112377
672641
529095
804396
193154
529294
46148
57627
503547
692732
748482
777083
47313
469406
164852
584404
798851
26761
80741
838691
259611
704725
150906
872683
470848
397639
779292
124679
564862
200744
1963
575797
767207
879857
121467
133644
804222
287245
771113
992891
683247
530674
52238
85428
311558
857680
245006
332225
96182
955258
513397
324594
218296
600218
766708
461775
536048
693478
191589
358309
241096
284148
337818
640799
806054
469784
926612
743375
197891
380968
829513
39809
236856
485713
367897
126688
45772
417083
51136
348247
445623
57136
108275
39187
42361
799682
525374
142025
981131
647996
251095
806575
982765
585187
838644
868302
334612
105615
563380
837188
464201
724853
827986
537362
830841
795816
832887
823355
381478
46383
189863
68786
774398
474596
295400
397081
471030
390482
5597
943709
691299
610277
455321
372155
246698
883490
298509
809581
797384
204898
446941
311805
663276
787034
150160
327442
362449
104052
877687
912972
148547
567120
96499
75108
240779
642554
288502
27258
612880
38983
630868
312508
331945
166083
452865
147752
845002
35652
248751
18826
570727
813324
443655
48452
290723
331734
854395
728296
489362
943045
634542
540777
361051
138932
846119
978575
921061
58350
436328
598215
786742
470348
535097
413970
558683
532540
103525
73292
296353
638495
963512
653902
447386
460816
480517
220199
601207
218795
101169
559841
69877
203292
516738
985520
783898
443685
238444
495754
863114
528187
982387
525008
77513
50293
749914
923603
447421
459735
212791
368210
601357
154044
858066
629794
385585
959390
883472
168034
49447
169808
725295
970862
675500
310343
238162
494304
851792
776325
795192
626393
155354
763715
356916
654596
63883
229421
595233
40972
241360
114724
247951
634843
420538
145013
820019
151961
826485
333806
278089
39256
76656
203189
621298
886030
802267
908185
758594
492294
543989
326076
42635
335135
317711
55169
845972
67658
977445
989940
517922
532127
464879
408858
781365
370123
651440
46599
787051
344979
246715
840371
24270
622047
333368
714193
27785
730775
639475
818240
593792
620289
631726
442618
810590
643926
937648
964343
390312
89643
374066
389158
144910
695958
259265
834016
964116
531954
71688
862556
843536
20050
380547
212515
42406
861118
544940
287762
406028
421141
502075
5329
631338
169717
704674
952053
257389
251594
496251
425532
807533
520237
620336
881450
976472
165815
439877
663121
223679
386390
526503
25876
133924
271012
808584
245583
207964
854577
564903
591912
526907
673588
208476
135519
111399
776410
777074
982224
657867
75425
634518
820799
470896
395877
308937
511308
831570
987069
16208
367499
946101
8629
12870
32680
663613
947858
498066
69991
985472
252950
659271
933357
596426
155943
74917
813694
141273
625573
462073
92141
82877
132977
118168
974939
478557
711001
808999
900713
950644
933901
930853
731396
129712
114428
186150
175783
606353
381424
723870
625785
568107
563292
751651
612194
538202
649262
66181
936706
616506
50068
497033
690284
520484
426650
304198
454869
777266
929867
941699
537992
656333
639300
289324
330246
543377
667200
86390
890958
587251
701684
406236
800316
391507
774420
199134
698857
942310
884394
883040
751981
318542
355852
635662
941508
899061
650095
41998
384336
133107
119864
169206
31037
13813
943768
464097
625699
315993
491547
978809
586707
901968
696342
264942
783561
678173
675916
930843
256390
924814
139841
708494
877089
596651
464590
211372
651460
899058
518171
872755
795591
7494
895949
789897
88808
374871
835077
156098
722465
55401
693811
977042
65792
847529
520560
312790
32332
566340
52851
794697
741116
274289
478858
791383
904467
290608
288311
411961
835565
605135
770217
124495
235085
562242
236779
501788
835631
806705
713604
768242
315591
396670
254808
359422
876024
124543
884016
638733
393058
231475
831710
246894
50235
925201
334120
551944
358098
970072
850262
717442
607641
587075
57088
411256
342903
607026
730326
485726
66364
728878
466829
324794
31725
734268
898197
858742
576449
793402
320394
269431
201777
239799
320680
95856
829491
203736
448786
22096
672516
697616
994649
11273
962916
643505
618714
392251
583434
925861
898157
151972
750771
968108
338797
941144
238639
34148
67580
794398
851083
546077
407269
583559
222832
540381
491965
633317
785928
998012
598435
778565
455563
484067
703359
477666
931812
601401
826926
925834
901773
719960
453031
676123
769885
754714
676796
48101
303548
903501
305340
252151
600687
255591
712119
196905
896112
967400
554365
46953
218798
916826
936625
251441
284035
708100
411001
81165
113147
75636
865566
394379
452616
365662
719450
810497
663798
794235
750784
255592
266908
500908
697754
596248
831974
230048
408899
195137
855181
691734
119119
60921
216078
482545
756917
654765
999011
635517
25979
922006
518972
892024
496470
370436
966793
856711
168345
777966
13200
517529
10572
403827
646159
327499
450268
1200
169268
260730
592702
257205
876751
555593
897522
358649
449717
576956
454367
647303
307722
918522
863970
639426
294169
430117
651246
663130
382810
985709
205986
493565
184543
665406
276734
583490
223155
706079
16183
369761
558244
497304
554488
706742
73340
373280
964861
143369
660918
226014
620935
20058
222403
327381
196575
121606
361193
942771
77716
259361
710048
420732
569840
48573
298552
672913
441327
682459
847367
388993
449968
515111
426588
902252
806357
76788
245263
704375
223083
125898
630088
119923
927729
758639
903635
706779
752631
281953
434393
8530
116779
326339
446924
142598
241994
251576
672698
251087
969665
471998
204523
76637
882068
909788
514240
369889
221926
150778
630987
852527
714287
16006
283928
411107
165628
17890
97637
771530
459871
192153
146772
953563
783976
875797
794165
441740
995095
86192
752210
821944
776676
354280
123794
983674
666844
921450
795830
282753
207681
776998
804853
425470
449110
160082
857803
227201
736992
632453
697266
906123
574423
632366
31075
153089
484280
276162
868399
207978
799567
947208
44820
65539
898977
468970
678561
867942
433079
399681
751117
238095
88344
455014
606195
211537
258994
164286
321271
23190
856607
221146
831412
484545
86593
480584
9382
67650
412059
74458
424631
301183
497930
244352
27017
690765
767748
812567
992604
816676
924907
903639
236013
637267
585690
121903
361254
930675
170163
81749
283021
232742
9281
925711
656568
146023
857484
143310
111923
91237
793233
751969
392323
316589
934476
760213
327276
579072
671288
412160
430243
582865
208621
988709
584744
922361
54655
533131
588049
997162
160650
469640
693735
257213
124837
586015
215659
966224
853549
677784
971087
705925
615593
339152
488108
610969
244369
797100
366607
536653
676909
948438
120290
613482
288996
152798
538186
5136
833731
438562
590336
584942
931729
445406
162125
836558
642224
263008
547420
388618
706206
587484
501736
392281
550775
203076
842971
297648
436975
170795
244723
588078
649324
241642
122101
371219
173087
854002
997668
69956
39882
330190
208745
606327
320133
80008
977629
676355
431244
402893
972654
987380
689118
39277
81502
545690
78456
91608
780901
456867
914637
112428
87515
206526
594966
943211
665167
995394
117462
483429
132903
101552
592866
198351
267856
362752
245783
81236
749785
502637
434401
893151
793432
647462
975420
844651
493414
618745
229728
329185
210279
175781
957128
576051
633390
501482
230534
849105
977713
650673
117187
250897
835749
270270
390517
848223
761440
552623
739961
924380
30849
680353
944534
577970
957898
317495
153916
43495
813535
823952
905663
507585
308437
532165
63531
434099
114258
967441
500162
37714
871141
402993
783479
670487
811991
231821
6245
443530
405804
770494
419450
231841
110497
861384
970074
669011
663904
719455
319494
998189
947281
252198
155289
296995
662024
63645
532764
633287
44082
448947
809373
527175
491803
789419
77509
725810
984427
316243
334897
884957
22096
719561
776812
988972
627603
840394
650839
233577
253832
145022
457264
502931
713232
193474
834993
953376
516715
538579
661178
216722
738085
993548
222785
847199
717849
329970
517478
889773
290061
880494
671470
792113
319601
129442
394884
307375
916424
280698
761276
827322
869402
314087
390400
622552
891435
948876
533114
821874
352313
188386
167116
800985
731664
550185
623370
88160
550121
175044
376729
884060
260463
473921
486818
639540
725143
113919
933682
653762
572683
281207
712115
683402
737312
139106
625006
978298
436199
293789
15336
900618
507165
747783
94975
814905
646760
750244
873437
405961
658261
883192
407518
733335
871966
947933
323342
183278
53983
711209
962014
990545
345408
540836
468565
507283
186678
18064
525513
347440
822968
392035
996485
52118
482962
683282
446025
810178
337465
142336
540949
149556
298374
239863
947970
887424
25540
400499
412808
917155
854032
951830
968686
61924
209622
665481
180976
521668
39785
837210
425611
285398
152253
613132
276270
639836
530183
754153
960510
260337
951463
515123
68268
280309
954254
582548
510839
250873
886301
654047
661050
980723
695292
145988
694566
542957
584230
276163
213282
40927
532285
728342
291985
513114
90084
480888
661902
767251
969912
169916
702622
223221
619429
590103
184678
34365
586782
350105
790271
792639
861238
441965
283663
798624
978778
21475
584990
424688
304779
637772
319344
131945
188482
129271
190681
267878
411345
14349
334821
456665
13434
792526
275882
67455
173090
912931
639172
544157
82080
61988
291102
208518
118016
314495
205458
270686
566447
52252
105407
20239
129481
799364
861953
635723
235018
461404
12245
71920
231670
984546
734622
805068
412436
871342
880230
672273
539077
84496
846184
221474
714880
522685
585757
406772
618575
523174
401124
32644
291571
416177
257254
42138
297563
636064
740244
74725
355895
593845
110605
659814
453430
930720
274011
241908
765499
813556
579179
378029
865102
390259
224970
392331
21548
514846
964106
567908
525544
294408
737923
152915
528578
655998
695326
724034
729683
153186
579775
65833
727607
315039
808463
724580
721213
79108
693471
789680
467610
162397
307698
405276
609735
54296
570104
537829
649083
613116
784955
143670
95792
710935
7626
702283
418339
793636
954070
34059
206243
860914
227284
504753
624912
876768
525994
287173
711338
455815
279044
462346
613041
657715
603404
161877
49353
426723
687185
468426
844703
451416
6609
86648
687366
184428
924646
901659
255606
455554
691308
474028
989273
27601
619418
364595
140589
196620
600940
516388
686019
190966
568654
113817
679325
648598
970445
991767
860274
82471
403982
944045
422434
357862
683159
249440
412117
500965
361770
933405
597098
200267
218947
254685
735889
518556
723118
126821
157567
522141
532000
361932
432438
800935
890686
881687
547120
135779
536082
252882
527059
545985
705824
951329
467202
635146
151935
435433
203515
726488
489423
580741
99621
925563
945747
340877
713733
127372
305148
506627
367482
837613
434464
315670
660431
60492
614091
552240
567183
124670
692869
223668
534817
552947
266214
527874
56469
786662
182583
336539
247962
1130
26281
788321
955032
318743
185232
611178
303122
799679
382247
494047
286565
901961
675448
300651
499523
438501
279732
569008
346243
1077
445893
246280
778040
891924
698219
892936
80123
344596
426189
597518
732560
900806
488058
93541
807217
265793
423467
20115
117147
954979
692068
535725
277697
480574
933558
543400
955834
354371
949893
955268
251574
981524
373684
24686
769324
760653
756799
949433
761365
335559
193350
197691
972004
982254
701998
662903
758515
375077
849255
337296
192854
127349
990021
525444
788942
927169
948608
666130
128639
787752
394377
958947
345916
430662
652447
962332
809831
570674
875256
973835
565918
570497
787286
580906
890412
210079
844350
688395
986329
842793
352609
561732
853424
23876
394071
432138
467182
442141
547453
852864
538434
62319
718724
215587
755191
666228
547649
101929
915937
912871
703095
352932
858112
212706
246200
186317
846375
873834
487554
29318
277989
107738
785455
507625
583789
197831
876561
86331
802458
662082
126332
952913
610636
890002
464360
32911
125684
74912
516090
528649
603276
836975
432540
282526
405374
277726
585379
177631
932605
760597
327502
772129
292751
592440
87253
440980
963888
530099
140141
505855
594249
46122
773456
32901
43267
748680
799178
122770
295982
777761
924871
269305
158322
622549
220532
318516
638268
730621
739628
89385
188421
824066
266096
576482
301599
766531
89485
821122
882715
650611
655878
364173
406613
862683
226624
12731
402708
10214
863446
740930
641146
951977
30116
297790
238112
680737
474859
920911
416921
613441
956442
861688
279806
325201
137799
769529
172921
427018
145149
227917
858851
917727
863267
858462
732100
264995
74872
968965
708093
840488
566093
952395
153326
397897
918486
961504
142606
912861
282108
30751
787867
905400
854983
783278
242882
884192
823881
916028
823635
721912
648626
462869
852790
592433
957257
946809
648785
739580
322462
233144
400224
113844
919940
197123
307358
529739
102282
565901
611396
700795
17710
609781
968216
27640
472982
82850
955139
110201
261671
182626
875119
84918
25848
95719
299326
651603
460448
202425
252004
55548
678613
62509
66107
657409
434145
443655
916384
559726
820864
511518
230070
557193
959613
774937
983901
126853
152366
295393
735966
649762
932015
222037
697505
647267
906578
787356
689849
550744
965848
630957
102913
426632
125318
714559
567931
231910
907819
694821
596460
556835
784493
75499
491728
587668
696362
23760
572551
786956
652389
380129
167286
84424
297731
230025
64687
755747
527595
562087
157459
348348
19326
709183
476437
931543
788832
126766
453505
588391
199355
518941
604653
550792
895368
869166
591605
832280
956474
590605
853836
621555
212594
635802
454451
157370
779937
867828
20216
257798
985448
765176
56320
364766
478714
773955
192439
38601
197186
544471
821907
307421
706153
770078
430631
11270
30294
30304
933737
219679
637167
732618
291183
672070
692554
31427
45364
474533
767047
701305
758555
546290
325067
378932
90017
49523
34181
132056
877338
679600
758515
662933
182282
622605
3543
972498
514574
885343
811175
224665
709083
555716
310609
562016
44523
441306
286795
238519
944118
306037
668179
3190
924267
261069
910536
741724
624793
714315
115656
599548
619290
826858
375553
928340
661251
66719
197623
825686
672470
349416
718528
20852
348033
209771
402899
137291
509443
27960
968082
256614
812252
167016
991216
731511
474424
802987
813811
719230
858534
557603
24178
914101
94926
196882
758135
581161
625963
789548
569239
468308
501164
993959
28738
654812
713055
471086
480851
498238
564129
785560
469124
930675
865244
436999
348217
601332
952130
108049
958476
201550
37736
331662
936729
659255
127256
498921
686686
972429
202850
878829
712874
74405
629829
438328
166294
663923
266873
273224
806738
907799
66976
524896
621960
898250
998255
341547
944650
196383
964744
105828
196246
602849
800740
846621
75524
570979
578864
210461
681703
250758
427399
845891
4628
511158
999358
950455
620817
721387
876179
892602
585866
384895
179894
77004
343360
40250
959711
162625
796564
504164
993429
734853
388280
722394
468557
769687
471812
203935
660575
760079
468931
876131
344014
163379
78312
462048
508304
334699
567055
402382
281586
702078
359267
825098
19139
425543
439705
329600
211328
262254
248195
865211
263609
297158
687858
520934
297647
508990
317562
994521
320681
222838
678546
801005
712436
470899
829510
834167
14989
878178
237202
59042
562649
444419
969042
350884
781916
636184
628180
88941
381858
231207
709609
683462
938685
867632
527294
636861
744528
425952
162866
347521
568600
360582
992714
667315
553769
308555
551533
878006
396998
520532
292269
225659
522159
155759
689334
157134
382641
426137
793073
261055
383735
871642
417706
629257
292727
694812
677474
81705
629201
460646
453204
363591
214072
415861
600520
475270
481922
505276
693231
891494
549891
405583
241233
262754
572255
15850
771125
266242
35169
835831
885292
23061
209358
937695
379783
787541
350866
443485
17166
457667
240412
236323
18548
546495
867089
193389
535601
263019
760997
950925
226078
815670
297037
374986
59710
372537
91588
183499
221559
724459
209312
818350
454805
947189
146353
720426
202293
753379
178474
895125
658872
250536
801025
924765
910393
569710
618681
777061
155402
913936
365530
820970
130949
602351
399053
781925
5068
432957
598063
382294
784593
149046
70284
35462
586123
536754
714179
531889
327799
828930
381610
765198
148192
44206
452693
240272
21533
639966
318047
749240
888511
249775
672181
446568
861593
241117
984848
979740
442022
464176
201566
161616
994065
872535
545578
369797
239867
664206
636725
68439
923843
200665
321295
455417
731787
94031
583476
395669
910124
348254
455472
306450
550103
380856
404134
148261
190959
806266
355050
370610
83867
316109
793632
537594
37511
391265
270251
681409
217845
434474
656431
102817
754893
278438
405314
334268
200411
110975
834720
155222
475085
519928
453469
841053
942689
747955
375290
483726
756328
472487
73369
624919
727259
584358
554823
593044
597819
813105
390987
463858
875598
957318
100318
27694
337106
121428
996098
551203
224086
405051
332265
863094
373581
3531
200600
257446
725938
923251
114594
554818
150146
142663
273069
486792
507675
519869
645284
528622
837191
987924
651818
60439
535082
795980
297586
522000
179071
508023
660883
619951
578720
495332
422032
251008
298151
936404
887514
452273
146203
431108
187685
244463
217324
668644
970117
482635
706803
137177
254200
332982
374330
896339
941463
701720
930821
188908
479042
456814
735991
626548
303173
664334
119294
918173
862301
958780
52227
279448
137051
794326
963412
569480
996667
645425
960761
406408
477857
919629
825797
400247
825149
961523
632088
638557
360943
705589
48731
173899
240003
142299
674956
355198
255527
210401
435618
45741
662696
785771
190169
445871
506659
160718
892222
31432
345824
972328
578001
756014
51094
446890
825777
680869
118238
705903
183118
432638
792898
117114
582452
969944
109699
194065
512940
906621
390929
698374
275124
919962
654706
824360
472354
592064
773800
154939
41400
703460
570575
788382
628358
388807
991412
93762
160741
864148
638301
291362
247646
729522
277838
824989
819276
247134
856198
533093
771449
514984
276909
907141
810799
1631
959339
874366
581760
71446
287122
336440
16157
407222
647727
587668
114758
740783
684919
699309
401847
977055
607128
739168
153457
104121
451866
897784
554644
677584
639263
966035
597761
541047
477514
451689
418397
309216
391666
601504
96064
874143
497333
904709
122655
292270
282974
761569
377451
17327
80489
207415
312513
784498
577672
846333
633833
607086
538537
855156
347548
26733
751934
93769
216880
476172
922536
574141
300902
23103
318690
589107
872601
75924
197746
552340
54784
614002
231962
198492
343663
293653
122576
430695
656613
8755
173858
179222
412073
633862
483488
343881
800416
307590
835375
199026
641576
532359
365018
954344
212512
154863
15826
407186
396542
943228
995390
617135
675313
781879
452275
333480
312113
57478
342987
712108
359127
950573
9344
944429
608427
950174
768625
422926
680265
791254
879396
834324
756756
169185
997464
259650
662340
977344
9361
503962
634023
977773
159130
969074
851819
993639
912253
807388
918132
240503
904433
390826
158804
331679
689508
638325
798551
993252
4166
451342
392412
352626
457831
628330
778081
800517
400730
262414
281869
539612
701655
194737
761323
85015
268874
144478
232766
696975
111494
887385
756649
26328
704306
322380
611311
681098
368745
399939
714027
247799
201774
858793
831102
698972
756914
873007
623725
461371
576322
860543
500641
260823
619510
420406
250582
648437
746640
255861
940044
846296
213988
105175
358821
390928
376703
248667
116629
774831
212380
314941
791870
958502
969984
587842
160794
447759
927077
808041
72465
896703
44353
644652
366193
890431
558487
125000
685303
680022
34736
85272
211396
703509
114131
254574
735914
350906
508467
41466
218691
370088
813988
91944
646602
431183
72587
405668
399565
155728
367481
432728
281283
622486
903068
161613
84220
581432
179466
268039
620893
915963
339661
409216
95069
499894
811896
133648
597457
959140
219030
237907
706797
677676
403185
344482
435327
914988
87660
918392
61785
704173
819754
176247
188884
876863
932174
261527
509431
554440
88515
94286
681674
7698
55919
231965
163991
744213
321391
950960
432639
113725
707127
966692
993311
601617
103822
415285
1045
522193
700682
150171
511759
542695
561727
440143
303801
315938
473470
340869
455517
801368
278861
105394
448424
290708
153129
134431
715470
257740
845166
745249
306923
165760
710820
665833
839541
269952
177327
424459
43106
544849
177074
906651
511335
821446
395454
73501
954724
790786
512710
378838
713362
267632
264175
603930
428814
160945
639278
4960
851610
85495
886489
756499
137164
112399
399581
102042
735028
70878
34695
991108
514361
813544
962837
786960
526270
467055
589279
445288
194247
171490
586001
69338
924578
254674
489377
449124
331169
26205
334938
918981
840697
144273
558043
293876
721333
947893
492264
313732
693076
553979
965856
704684
323643
337941
818146
386474
9808
142930
720072
912681
531598
919910
929698
752310
269449
609492
351792
422140
171659
746882
984287
795016
816724
884790
34032
272479
403120
760959
991212
530125
843938
844253
920975
538300
984331
23330
194359
406053
125727
35967
978813
402320
973669
717499
6039
174824
912435
639471
66964
901583
310439
104321
477467
143967
897082
682107
164603
105836
69131
852505
937982
727340
295307
452779
98097
417931
985074
257576
502988
128890
643797
602459
207434
28518
451636
522198
788288
43936
90584
422409
593067
347405
849495
143216
617900
256194
588570
329893
930445
982443
557901
748297
593517
456286
26574
125634
514382
967703
732141
904710
576618
680347
510882
798021
561338
834176
401417
719921
101302
341849
507483
317514
605074
143837
275169
95581
457529
173371
606005
925830
68901
171646
39951
467193
227175
5368
62036
515478
744357
439629
241400
176182
271519
175656
933694
136381
797113
378530
866392
214946
171917
249300
75439
444736
169725
148102
490480
651972
167434
693095
55407
28384
978245
627652
361702
977077
846992
658440
429579
830049
324222
33654
161431
715561
236749
998386
55597
729791
330870
934782
377859
189338
346069
934281
194354
170437
424598
398887
978857
689547
18323
511681
639593
418527
348455
740300
386224
261321
963467
916392
309163
505330
275473
838242
812579
793347
517600
400021
481949
477654
398594
652463
258442
835579
469649
647949
984555
531950
461606
702221
868103
289439
221200
109189
316660
937241
489182
546916
604747
162471
947336
362889
888230
996191
339176
439493
162662
