639722
232804
81853
808672
406927
224833
600099
580681
666263
404679
918483
298039
408969
302887
839814
870620
797340
485759
653171
708895
53262
761736
821097
834700
881176
25370
170053
192057
232664
918322
701911
957498
87845
646124
549921
100491
751249
51892
838148
360238
451110
663748
592941
240842
510975
603206
68696
925055
678440
691775
155598
291818
406937
327293
101703
976328
396931
238306
922012
314117
180497
703479
569342
358907
255770
910021
997501
229280
291641
372231
807326
726674
807744
815095
127456
509701
103463
562358
657552
689135
284711
803998
99882
310913
590410
487328
453635
342601
121469
972226
592790
337416
972941
974311
787453
299207
514810
935399
650612
957682
639746
422096
704724
87243
948786
186402
672739
880380
830297
35964
605704
543209
216328
395067
246413
944686
28777
132670
97284
336341
946779
557565
909661
897307
991585
38628
782547
65662
675403
204579
111801
978309
74711
413227
234902
452286
996397
125074
632098
54642
135102
441202
513646
308396
695605
825543
953598
444001
195439
678654
91542
980578
580036
510720
331138
337872
622311
47395
622500
946342
869678
344610
504275
835691
761677
157288
167471
220849
72160
479958
918798
642030
434976
286994
293463
659864
45058
548313
822135
961534
643003
768489
502408
466792
53770
947042
424829
21524
585897
722217
377227
355008
338793
577507
170824
109442
965076
458120
319611
538531
654830
652511
989112
669322
51249
241054
55147
462064
299038
466295
808112
616720
548015
621026
567072
844578
544458
232628
370885
290388
784522
65532
256372
924822
829073
806611
638804
651701
442379
468770
731863
823095
887010
840608
431882
301553
967940
9604
827834
753166
974613
438159
143321
33536
104109
688907
524823
271902
942178
381423
765179
873468
895773
218644
771008
551904
665538
479488
777002
109902
573706
18373
623517
78564
663871
746479
882408
526159
81723
617002
681476
462508
273859
477015
155175
154316
961511
61128
458251
824550
127361
988331
566871
179029
73044
669790
702094
802366
166567
500334
306871
833502
571964
380472
971640
915738
939844
519011
494230
768447
644836
346673
869051
741744
621030
734894
465103
251837
140258
425792
45460
608454
806577
465809
688722
450012
271829
154347
672191
500870
869320
712032
231066
478467
134191
717562
124775
895184
55229
340823
80087
240608
265979
504528
242021
265082
108661
205221
771600
116648
438619
815468
249699
924931
937345
203423
857830
726243
577203
504266
363661
903476
152293
696676
253093
328617
975189
60793
77846
196578
480968
375004
358542
400381
209653
486295
404853
457140
234022
984267
284376
731815
877501
890557
612633
184794
730669
906395
121983
446967
175679
864595
981253
62235
800792
620543
598502
857930
260018
922869
521203
554799
692844
595573
395320
774195
859573
459302
859562
226269
133189
348960
617165
754789
837780
583544
490265
330051
743406
651517
865426
267345
149922
985639
620716
487571
331023
263325
758453
847019
42158
527642
680828
163713
693649
451552
660373
827616
187382
331580
589821
131581
299113
488150
375547
415701
822439
836146
929851
459093
297967
424918
265734
612691
510318
236223
740515
809117
436189
946715
269635
891075
739862
880620
40065
759550
565682
411728
487802
56671
407979
369753
839729
601754
648815
915192
961848
318611
864943
639346
825723
363189
337147
733075
590408
729889
456729
37421
552180
605303
902995
772360
766664
501898
928354
765521
383413
640562
610845
201486
358116
574046
704615
299287
734313
321210
983937
41967
345202
208409
124804
65857
33523
893149
534447
135440
557271
988280
276121
902086
691285
527950
940219
907894
89723
575471
54703
669236
855268
9541
761466
42638
691974
159726
396666
589207
694244
207310
577771
988652
180832
165200
119281
57638
434753
187484
847247
335071
121908
77649
758063
137160
751702
20650
647465
406059
213253
453506
620219
631732
185716
550018
506228
894987
470423
527186
463577
295882
635652
154939
684276
143488
704775
973827
62343
974771
854460
643828
468796
802896
416991
7331
342354
469617
431937
78727
96538
397973
81333
226299
680813
97719
545564
515284
601482
562500
405105
871027
814974
327485
80576
231145
598412
608107
480753
870287
163889
70165
258303
112137
697081
941379
216686
103236
572262
481984
126786
464628
72751
479497
292125
432345
976415
734394
491120
851869
175620
624352
450710
262037
343879
344348
111595
779140
688960
375045
125761
941636
83423
167631
696374
194935
83990
1196
627096
372576
693118
51956
803023
83782
916373
381084
605378
856306
230183
42084
755670
839303
627491
285866
776105
717387
298418
711890
748046
488556
271366
223831
517645
82523
255983
641498
505344
593095
390308
579176
750219
599761
691818
824798
554834
295660
408505
340393
73259
252553
277790
950872
20168
956836
344293
403635
949098
866594
183826
19586
434289
781924
437100
698403
644259
561257
764465
22160
675523
133274
941317
850994
734660
872969
289337
112101
687159
722981
930924
658797
402178
909453
129017
368498
233783
225155
214521
755495
366725
650577
71283
681177
314936
22518
785001
936279
322760
85812
743800
657628
12781
550024
731334
602988
977167
176983
596717
448208
158651
306715
182177
817563
972838
889610
770407
843445
348632
839225
586451
912447
801591
360221
881788
253578
123936
842340
86553
942499
83937
267025
632890
307822
654248
262578
318796
362706
782083
906873
693366
984018
461671
374684
467676
379068
590454
689707
641646
891894
601761
569876
147475
536039
230812
394147
568638
579823
882189
380208
535969
578648
590772
483958
636574
733810
766185
199388
169144
398466
782251
395054
927777
323892
528116
205370
851846
180126
326201
833117
176393
513984
582890
594498
416008
597286
163779
599200
740343
606903
141609
73279
880753
711976
272713
178291
362486
655900
31477
93241
445763
668072
994473
629880
317386
747509
570336
507895
672777
906502
562238
25416
137512
44608
3831
818750
469448
861878
836323
368212
427974
515476
52494
655739
620519
85578
505690
371839
562028
922955
155752
979204
446401
756276
362917
966570
606763
405147
732241
237913
317445
283087
77419
635813
288537
670701
230828
153369
264333
939422
398656
872835
704019
36464
244944
694706
362918
838744
340209
739268
250629
388765
42281
332880
429723
490998
479531
629713
916277
372745
795814
842419
877646
5591
903483
197469
775943
701362
795193
397816
298111
543076
486543
720050
430974
449857
564832
420602
683961
286751
173014
816700
565970
756777
182727
271466
119859
954065
301128
379125
817691
16368
779786
454360
875155
668599
214028
964492
219139
810465
750457
844652
363283
152660
757189
896601
677332
543721
905727
669420
600227
515288
895342
744231
561489
39328
210115
857352
456210
486754
721138
806322
688762
771618
773304
807498
270026
460939
590335
31722
157578
776509
380511
806619
223719
295974
934391
915965
735469
691169
475678
937670
486456
138741
599029
205830
312002
432688
354347
675969
30735
253315
366549
456740
941048
544476
768942
245127
55147
788726
357390
502899
272445
561954
821427
260429
117830
143869
266573
827079
461960
783851
503645
452758
207303
577027
924947
693240
661744
898372
932105
202093
763623
599679
498939
263733
377992
436618
631276
879043
811005
331780
911404
220188
741184
119080
887175
285469
470800
804967
845721
359618
838193
997676
925060
899867
623064
508853
932618
421322
966792
552942
178773
873670
693439
517459
426505
82473
47082
253313
82497
127836
491846
768169
694574
93646
307443
946167
51269
688479
150232
538310
40113
185442
368403
28755
94827
334950
776033
236721
969516
857322
454020
947479
699788
409786
136109
288312
986620
411296
545472
320455
697816
672422
266842
335122
915058
242577
709840
37775
761788
544992
611581
529791
927549
316496
412254
506297
481027
967527
212611
200370
373560
327792
191382
550240
378061
698233
500350
640676
964773
227783
735606
680809
792212
16460
441859
331107
241002
316290
522107
878546
998857
587746
475259
290597
64015
431494
187268
707826
278427
175643
965835
121643
837044
953033
766557
71483
577562
711920
272585
797842
935089
548243
319954
176142
949631
222852
198045
156311
707746
936368
847001
698947
836606
902501
954757
844479
42331
643667
582515
806981
122442
523366
113329
968387
330247
768036
72123
282386
778029
881391
882833
458612
649400
952437
338410
941840
356873
945662
714108
776772
206104
452640
420391
125511
229243
664771
707207
672371
610560
614813
547760
341478
119981
241991
95531
649962
110627
537841
484921
721588
824936
772051
910622
947128
624169
262152
915988
273908
270604
444203
426397
934413
535994
193926
938725
69934
198558
149504
232252
35396
647824
233039
371781
975640
299206
610244
344333
443412
222261
728418
330667
69390
500048
829921
635179
437762
877215
617810
324824
138228
2103
680714
766162
165847
719804
860481
768405
444615
802921
563900
162100
595278
873837
981580
364883
589973
378406
49682
465480
433088
741956
76691
668920
334375
219809
452227
63356
903240
278225
350519
441135
540824
77250
450929
715319
162131
112889
585990
745795
968718
578753
36823
293057
650932
639546
161626
463387
709775
903044
605975
208093
555304
910077
674024
233585
352289
62248
657613
159945
501439
845994
874700
841740
507462
946421
469323
48602
586283
932067
168264
288345
797459
610660
85852
933446
933996
114078
741170
690090
960498
107503
692487
47139
545049
151170
971262
400977
549654
293519
987836
664076
359383
202281
515164
417719
122359
654555
219991
835376
326714
133724
979395
515095
566539
634543
158041
120382
222298
312353
975653
389005
414599
386689
566941
991185
151316
838974
129953
806233
942378
744212
982799
17271
671363
398740
54658
482623
455772
769682
372919
642174
451282
406233
496810
19070
621663
476882
884865
5205
50162
11601
909632
823479
662859
541146
29011
253023
393150
604474
2115
84832
597291
733213
132630
723752
277343
350369
31904
898436
134098
988374
211662
608505
488858
25296
870567
681593
266066
912688
667327
858562
341570
456014
659631
524251
656346
534071
50145
875973
948964
491884
438916
380216
730000
282746
358993
974858
3216
632540
837006
766613
729632
747938
721410
26412
77516
682532
662495
598266
154793
842178
336519
555691
581541
676173
254238
412570
738169
248014
770309
630214
737300
210354
349881
876674
538937
587199
826747
260824
510259
427114
322796
388756
335813
582792
131227
544066
659876
329019
171692
632699
70235
578151
701406
402429
309270
765924
789736
200958
538667
511154
740966
508927
704718
131257
346427
174333
239966
825894
112928
144694
475214
345751
29376
999713
480778
850718
924808
771224
840394
204280
171713
135263
779094
114993
891031
272948
140453
86899
940046
181339
536219
480907
859620
452447
108639
922441
356461
85543
646002
537586
234359
895838
15522
178273
376394
673019
354015
751223
206416
406852
846324
9879
856920
853297
242269
605242
143144
437780
50003
339800
23884
890058
913435
311200
640406
999846
782817
972190
628507
734351
560911
681662
303342
581056
287210
93469
946050
789638
690225
368744
741016
704758
836963
453324
147908
591516
109445
147597
952356
683245
146442
146631
329945
687609
364212
510794
18494
393008
777531
247745
632913
36270
503832
706074
543370
90732
58530
779663
909574
540670
127658
745769
873824
186002
234215
979177
721860
907723
767625
330314
737667
928023
375167
67118
715878
533194
831931
281676
841410
54712
450914
794292
972316
319932
772368
683447
286672
954516
378579
900468
767164
197213
909890
927239
591987
819161
963674
382367
924218
312700
871558
65656
436073
83387
381562
569144
378153
337646
716440
936235
118342
545138
898151
597858
430110
202662
911481
925086
489687
228278
781830
350216
832075
784222
517962
675388
240083
878538
983531
256376
695257
616991
65561
292369
455690
316553
187980
152100
744131
937222
925019
244959
30846
600881
939262
45742
550088
11737
237008
807525
658083
857128
239750
396762
667890
207064
89888
946700
13970
722221
344128
747220
420401
524397
372389
811700
266275
700618
770878
926847
699962
943576
921530
571383
608522
464236
784572
41440
718228
882205
842289
817515
394264
341263
47866
787560
736815
479245
351526
325507
312379
821245
437932
770305
906469
805510
432716
245628
98285
254350
556146
962278
149383
719774
256501
44023
219622
987514
172093
455523
607217
863885
942328
161158
435627
540657
282162
516778
770555
735587
832742
259254
995916
354914
534705
186152
884987
225453
402375
454927
50394
673482
789037
639209
520338
972073
890761
820088
527272
618665
896648
817446
983300
592536
319316
652544
656033
57393
652043
379498
311387
883441
910039
424931
785833
600399
401897
908925
406859
243962
881495
20400
98258
902800
154648
539358
258100
341170
241642
246728
354799
714741
988816
626029
867777
255284
246480
312799
192808
353179
172947
162127
292490
624002
284455
234635
141837
785823
563455
703005
240094
742413
854966
70505
621414
569026
818574
558052
922934
115795
468542
977859
289366
34437
930492
122953
309697
190648
909033
611774
440045
171564
638069
199031
821635
51041
887536
535161
580873
781249
847929
256466
795430
216766
398723
225202
636133
968342
394505
914989
133909
429807
467626
700900
954966
131693
514286
116272
467106
399747
327933
618968
389656
221275
307388
434467
600879
447880
451437
780477
785055
999025
353525
65825
996797
48849
58071
417182
430219
246758
943282
174366
177321
2503
654004
389484
243150
127934
19211
724145
789006
328951
129969
198166
30480
665662
744751
432159
432856
479303
786889
711200
600266
682315
466600
246360
652537
759832
242624
411294
89984
45799
355218
831941
572198
961805
950691
798036
379439
688101
251738
262592
448439
942969
645386
304807
732249
351789
410511
731157
359657
15187
905121
379094
810771
155592
746923
200592
714396
716519
500917
168774
431157
496060
701692
826063
546004
351457
842338
568234
843662
8741
671278
697395
150309
965360
376038
654205
2451
452522
546398
705816
677759
735839
921249
649265
632114
632405
213133
988349
49499
845461
548131
111705
546309
466304
347985
26251
34038
777086
96409
752048
390433
223101
475785
213241
582770
685826
229617
678108
487811
381124
785224
424243
230127
602484
124631
964240
553620
722826
976362
821779
537932
998436
81898
984089
942238
420022
338896
67543
205185
851404
788032
960701
310899
892366
757600
644394
421606
966202
36922
252124
158818
521727
81608
739231
134345
407538
635968
993452
179138
495790
296507
7510
349945
728325
160598
825167
773468
652856
416602
821397
491812
643197
916774
288214
866473
193290
244161
954460
276243
421963
67732
3965
294783
488781
710740
787939
965565
218413
639060
652273
284246
380609
324034
770607
816939
894981
259207
157886
220484
3387
134466
131862
461851
560365
64785
318698
614340
900165
9950
987643
206050
424327
971446
413125
187055
751804
117966
929177
721180
839379
855340
426039
658004
336646
851484
206837
231146
867985
107728
660601
350191
837736
809112
247225
530084
402527
522849
356134
215339
928957
810089
137283
788710
65905
475074
297280
835988
166053
514764
277580
307691
80410
161206
887316
175446
299143
804078
153968
112261
44417
757020
852906
503492
462550
489773
436881
662353
211821
759411
975643
213665
448932
507765
286733
802470
417814
281853
691646
358200
931155
837190
700831
154887
21076
613228
373878
802884
935094
63445
298914
74450
93977
229487
543818
386556
429528
273464
15242
184212
629751
133134
543546
622991
958985
372798
709028
568158
14412
682590
993207
279179
103051
671623
719420
2882
777422
20081
612185
325549
156
887966
542836
630711
379156
121903
247808
693458
695335
878823
310491
63799
909913
823989
940875
782268
760802
286827
66250
229022
229143
583164
117302
333838
322463
986832
118902
875561
487045
445163
837678
432076
102844
341665
19224
659880
330270
47870
715793
981827
879391
463616
545439
455112
724938
668648
842828
726713
116572
888137
736685
316016
376265
113539
464605
613008
489841
456264
803952
19573
245014
104942
508303
75620
294134
701953
9111
993064
654202
509108
230197
22484
29316
445146
847606
702697
598360
139581
767490
701126
28360
834503
329062
587230
748183
501424
777393
28472
349251
641873
313525
764145
826656
632793
137850
183118
536746
123933
154704
463134
33062
622963
925896
676161
189450
813162
344762
164859
879936
475608
314571
98862
80715
324601
226134
512526
492740
514759
962196
586837
827111
968891
956831
137499
538275
559530
421107
976774
651665
169236
541632
808198
34579
223962
907172
687457
488642
314812
106368
705367
793579
958435
459566
812700
648706
953204
40246
540355
33241
850708
860265
360686
239353
899256
232859
546969
256152
914893
684796
417436
63132
187315
834713
572505
392282
983939
582342
759918
912540
950371
581456
820596
777165
557240
272828
792711
619844
570810
573636
543003
767967
196106
707975
440577
146742
124324
330303
43372
593404
933917
274445
669216
606744
263049
811917
700740
207745
325573
994580
433558
803933
188615
601422
102858
837074
700947
153705
195514
549466
809027
315186
633848
83583
569454
917394
211735
435140
595870
549086
667420
176429
942613
79036
24349
459151
171488
79013
862754
519370
742365
907559
640662
995302
527125
150262
397019
16216
523311
329150
148630
505064
962606
160201
400459
950064
799930
622084
778660
162270
66398
305241
623152
86105
264313
193692
980614
226696
298005
263386
438662
5723
275841
781673
619120
872375
539272
686759
351429
734618
345443
391004
30100
515498
985994
958075
157498
763996
88516
890687
889002
202449
572453
553478
976171
223942
816410
208552
237897
571875
779274
716038
611285
732039
827145
455365
161707
363195
806633
276289
937864
145399
484299
466274
937702
234914
885495
391339
516672
7902
910254
689272
214652
840963
499359
124206
719403
154251
945223
308505
135851
649969
362483
388144
487578
229024
325936
581933
629319
205616
152399
396619
907183
338631
794378
495122
452908
891355
14059
852155
949684
783602
801392
556081
82183
638969
145208
161221
953371
849162
389378
879077
992579
635011
198430
933435
482948
726093
626060
221957
857287
112378
896622
634837
82673
817338
144241
919976
634955
624222
155938
310355
1541
593410
170388
521700
288924
364875
565420
381897
640206
805408
335926
801804
562126
963375
220400
871500
455540
115023
499175
134580
56592
342657
699485
555390
641395
90664
764480
764654
943632
483168
42051
853025
123151
971363
488172
811795
755399
38493
193259
197342
131067
709739
574264
986285
59761
688929
27048
656123
280947
121913
631531
9219
642943
35840
364944
656986
224379
433242
759151
334924
317045
242496
238284
952173
977274
930245
937780
789408
907998
102376
389044
163602
431424
741242
690656
467514
200958
19945
428746
66493
989673
448441
908005
273786
832893
213152
802890
264213
150209
23722
832331
243030
261608
369056
454598
203139
364327
13566
73431
118776
575417
948610
252267
253702
885212
866295
339602
970154
584624
19309
495920
534490
579767
780592
277952
65967
92189
220563
577777
558825
940321
285127
973975
471437
330060
823325
814784
448408
207754
808744
955616
185961
641153
619293
457722
785595
962186
99968
540119
356124
253947
794880
460467
668050
446224
73126
503495
401645
886472
789755
745032
556492
651636
567774
77034
300747
857192
698461
955824
851981
687415
194751
110600
794051
511695
686001
81002
839171
179873
688328
400275
345818
312365
407227
686411
188026
727773
125554
880746
230964
62721
361565
894765
813312
586439
513061
329419
707444
776865
323777
182881
366287
170628
835823
922653
551596
857997
285636
857997
59701
289274
983765
790779
366511
834200
284879
665162
887878
324223
917915
505492
678492
84636
68810
986336
234362
758189
378515
47107
90900
254163
163487
408057
971679
908597
836887
277108
127444
986737
46977
874292
458547
610235
825338
342907
147948
31366
370191
134441
929882
199263
743233
619447
230542
624698
550682
593249
795895
679137
271854
842452
993660
11101
419376
819022
218665
766160
16641
687424
150731
141718
470184
855886
164673
112754
445904
67212
893977
425145
494934
852439
464177
402800
122308
909879
978708
905213
236442
209347
258968
99596
595611
242211
921421
627613
975068
502347
417368
496066
328050
185608
406480
318636
92993
280627
748713
771740
622370
998468
390515
468249
803378
422038
840788
847401
187106
22401
203820
513564
474266
690620
444047
884736
84486
527954
239775
695326
426167
652658
1937
465300
966258
900443
347893
913172
269601
819753
655366
11472
758189
873498
970807
233
909227
628194
244357
768354
130719
627525
759734
950014
100991
618487
517346
319864
199859
448792
626339
132148
364267
717160
656122
154778
88765
229894
819143
453443
681240
776261
127364
577410
341100
834991
183800
205668
475080
694726
589995
220478
267643
582075
898984
487087
63053
654206
386521
978438
833552
531692
510993
627773
845466
45208
543508
925862
802238
676209
981668
760856
239021
569997
17944
281502
670364
717967
625585
420709
807267
899850
132680
86942
443635
411166
672086
840285
60991
722235
65014
678979
463649
287467
410220
959978
79395
337715
107303
345640
590376
605619
741430
73098
799899
372288
79336
335861
970811
38443
175430
253462
429503
632755
545963
921030
506298
996781
403233
253698
642357
428419
9236
95941
871728
860470
477794
859039
433639
693964
163914
530264
386980
103384
607941
563472
51389
539874
937495
745662
520952
303703
213372
407286
742646
334800
246895
260397
863867
361129
996580
825908
928606
3842
186351
851821
486967
414356
772975
237440
200466
112503
468333
227683
305083
946069
538588
168978
750854
532968
639839
673210
280025
330321
202473
574686
235594
714117
790848
297689
390422
793394
444603
528032
984216
773958
902146
824917
332136
842785
380173
807061
670703
62980
881803
277924
830267
988633
360252
307365
932401
671606
530182
767781
873763
431089
738943
89172
14213
899150
671238
929746
952799
433
244423
970535
998460
172028
222829
678890
17403
255552
593913
288248
519212
987674
775057
670064
219857
686205
309424
128303
101106
236590
498927
765977
812993
115623
260751
136815
406559
403577
340381
632775
425428
45514
928682
138753
812604
593767
119454
981124
669120
438312
709141
890469
593510
873843
210281
237404
582605
787088
854645
854415
500939
767685
938341
143966
811929
727441
736285
558433
78773
577502
605513
300970
885202
719634
988194
884159
588657
135527
702084
174479
297763
929720
810793
853405
621651
19368
838262
220143
408656
988723
628809
161054
864984
915788
99821
414256
210287
758399
630609
778705
694753
473024
665578
863346
976834
211319
909504
624105
804574
267646
878792
112487
363646
356637
210479
719856
8091
659453
849679
896118
642331
37077
468642
169154
685418
687977
985657
504015
662198
232571
789382
632988
820660
870972
581482
598034
289629
521322
331638
812142
410917
682259
672146
970403
620885
297532
447604
180956
28131
775020
848341
991811
566331
253698
881380
111914
386396
385132
539952
569763
109288
24320
716622
344699
409700
329795
296341
664107
651336
975588
601243
222030
701936
866173
394415
336759
588752
556120
854574
187167
743864
833130
905153
287472
246962
529405
680654
899705
187156
970098
237378
744873
931305
132885
529086
528400
965524
122155
299311
400713
311908
917578
729785
397847
597259
918650
22685
690799
736971
698078
601890
814438
274166
921163
863243
121290
189618
512642
290314
92371
15741
638347
813262
991780
811184
929062
664397
889244
372843
817592
153932
632111
892528
540076
499645
893360
509504
488691
196943
922644
606497
150433
134297
322453
629988
486536
285194
347724
761348
619082
668172
484804
166153
323065
844171
625031
905605
371565
344842
712265
957906
811971
171317
661176
31075
585755
540648
990101
125288
551445
510581
635109
282424
587510
408819
714907
206504
866407
936424
582364
319268
427362
60493
973491
139107
769595
730657
154390
198737
6013
576466
441146
239364
864
527832
395408
762481
335210
163017
86724
107931
152365
863147
92452
353329
325390
142959
782171
132179
513285
34508
270311
516478
678664
962602
226897
457583
943517
62113
832833
740146
860019
704440
133768
291620
557147
189278
328865
35076
776861
783009
517972
485321
184117
23079
207272
522679
458614
38873
580374
687083
445075
620466
222794
367793
904232
370843
599686
724070
210715
691214
368088
163256
135260
837029
932874
739967
955099
949898
137177
686927
516667
66032
466318
414289
83836
246495
641601
532293
845425
474603
586308
94340
655223
277295
987851
20548
514223
246580
126269
428482
117359
814791
830235
926136
319208
126012
395966
357571
152545
650385
615146
755904
135647
686575
368318
919996
310737
212957
592454
34518
381302
596746
674417
50678
24651
183117
3801
355929
456072
968926
151545
449444
124155
636080
356230
119160
643737
564874
726899
789337
268111
210991
422181
975633
484422
696874
670695
295338
945636
97989
34753
441942
415840
514856
106213
50926
157513
134213
460586
823111
115712
149364
603550
328081
492657
794138
487937
985859
7974
993867
636545
784134
196928
746143
85142
157330
792139
658104
60641
569165
168629
972325
555916
736982
713081
234032
704482
481802
38541
572551
353182
822264
15849
457120
268168
847690
794150
177151
864734
590589
668639
306118
651345
154044
848115
119436
80089
448007
309147
99744
954268
961329
601892
229798
524338
735243
989795
146255
316895
582592
378906
969731
428979
740900
662994
747978
424461
111777
495800
239030
993436
641297
15410
962979
88100
750460
840972
212365
179173
711174
242439
890584
338829
635748
384016
695594
135841
501717
443117
656890
261925
172099
229098
389517
371690
740535
413514
475813
559031
78466
711678
844666
883236
246875
422579
448474
669771
378495
843940
898763
379776
449772
115963
536476
217349
375357
223848
683590
58039
500546
557102
205044
720793
998056
188327
922517
299772
489794
680209
755404
92059
819979
889148
740596
249229
565362
108133
616141
248970
173880
696174
3797
191098
94953
786525
946549
716618
314589
212280
660722
250264
231010
941580
385147
569180
606962
53096
951045
860597
445358
495288
112929
17636
342661
172194
369449
165717
883377
519505
764536
863963
908250
285930
364788
922135
651546
852134
440677
657562
308410
195838
571978
374612
749297
625014
937016
134658
926525
741182
767152
502843
110265
218579
818820
783414
344675
917056
138601
480656
447356
876217
578167
458078
137295
586368
491252
878895
201234
921927
119496
329363
682585
950656
318189
235896
853765
854120
109400
540723
26632
485796
703579
853004
107075
760728
387589
502794
395086
97490
150354
101116
266188
377679
726289
418255
556913
652064
953481
625076
412979
743293
642651
220205
672409
70256
448716
873808
65068
498703
67805
406182
217383
647184
272321
687427
786216
83227
959602
790371
333267
169789
660725
891170
487565
575918
956694
669549
891826
563720
896014
347314
261957
549659
218587
403133
852629
150577
684297
267745
462909
576179
374367
374789
540579
881883
67363
777822
654021
481958
397074
785153
530934
540676
227488
15288
641242
958199
959767
979281
61511
291731
457344
281131
95685
706539
725497
20130
436276
401413
797353
937377
973851
931860
786878
803213
738023
295219
451528
637146
655232
576553
969976
827822
674522
939939
54745
472131
108469
837238
421457
974380
478906
318142
261117
74873
528459
901651
520366
708673
108684
968213
760975
891910
169656
325530
638792
293390
868763
71220
178171
517542
64376
451532
372601
495418
137321
621905
668454
140971
912836
689080
467624
962710
601155
346555
704334
820529
900362
805626
20972
896825
596006
500363
367810
230276
168348
315562
489430
46108
633953
131146
656960
627876
957275
37437
965173
371189
27559
195893
300861
638117
884858
147149
213610
124858
260821
880411
687913
574448
803290
417112
786800
948566
698510
208424
825889
68113
754345
624499
60794
9657
170683
268275
65631
264770
90365
30532
581742
570098
838394
126945
24477
642687
41039
499137
782090
100425
103596
530332
610208
399271
150916
628037
256951
820768
403045
549163
345444
932425
695893
996736
882381
885009
325887
677063
755130
953037
828396
118478
465906
188140
828481
552724
564306
961321
840445
741551
530979
170856
541718
485977
862769
454149
9114
796118
546786
781543
305579
599938
73004
191447
426265
621439
218563
736735
261634
105224
376019
647337
656862
442286
488283
445557
889325
35463
590986
917079
437483
963061
536588
924736
202057
962980
60295
119571
208204
274712
747514
833555
751397
927494
562939
506429
115449
831672
585288
778946
94810
56312
464551
954955
291848
844255
118573
779356
767469
523144
730462
151761
117263
147589
254436
295069
940717
185859
258363
616219
335886
533999
832959
977231
264379
940777
513426
80923
795040
941835
397290
331657
719025
626415
214902
75062
77047
881459
544430
526364
126286
260937
48629
268715
21276
197613
274168
162708
913581
937943
134093
327636
110558
312271
420696
153092
219754
269838
37629
27942
252155
667861
840872
437742
197898
326961
664094
11294
561640
85723
310521
319875
315286
72647
24069
149993
422128
921368
526622
283726
81675
293241
70783
427465
739275
517453
79839
674259
789082
790317
546866
326506
472625
130937
380727
845878
173169
876708
143498
914189
179053
212937
406245
301090
209700
234141
492466
756464
322336
593247
757624
369249
802094
172428
285096
491698
398314
617319
876330
176823
413967
297081
473248
974135
51872
989120
142224
629580
236243
554722
225397
855041
512828
251563
375332
956083
248405
60697
670530
184437
374886
871536
289424
222172
559237
569250
307267
880688
356972
727470
93912
432358
649874
521922
695729
984871
975094
421441
840081
82312
78811
96932
712379
69502
869194
992697
121522
908137
780174
639088
244349
904687
870752
242925
274508
579616
406552
299032
806196
106911
265630
100312
685671
230299
553085
31272
874361
254417
379028
145720
26801
518459
89922
818412
374911
752120
834699
268128
528312
116223
337862
921118
61281
265326
691181
684176
583364
977822
276557
428670
65609
881952
381336
242531
966623
652215
916956
95339
657402
973986
571974
163070
508333
321084
45633
180652
421577
375929
893936
791878
604047
933514
590403
233348
115791
950310
894521
763863
984960
661969
309646
909096
508884
280632
549089
350506
339817
126780
893182
839359
126244
532437
915830
685864
440906
155650
722381
363968
331139
283802
991767
176362
280902
402352
790116
900396
974271
286390
891552
29369
915802
30815
598411
440971
765402
647437
766771
366312
156743
785411
135172
57440
402140
753918
328845
895571
491182
167161
348703
840809
222570
362669
18033
464700
818598
854654
709196
674808
914051
237599
719447
777899
185233
244424
277014
793491
776922
793328
447899
552367
742461
352555
246583
887233
612562
960701
438493
770603
684906
194818
247567
943755
371490
723236
49519
275290
861411
637557
684051
464183
676194
287995
602246
346884
563721
424258
946513
1001
184093
467802
460238
376867
167589
811438
226973
570227
10139
389099
463458
196106
869049
479799
347335
197492
300203
170776
263858
916121
558482
728210
450136
16262
152657
100957
951961
58063
222677
162577
327481
788562
921251
675293
452485
496608
386527
843672
347990
834512
618117
188665
158862
712486
420989
222385
167811
872741
46163
33638
215751
846852
106296
52581
575368
204816
34592
477841
307796
757693
827603
201765
346141
237090
651255
343554
191382
1042
436849
77186
281567
534783
12711
784814
641771
927391
742324
516920
268397
131560
960354
378216
700063
7807
439620
134119
624345
456827
797566
567138
855584
832412
691973
956648
869734
83900
52975
728409
457518
762785
25464
857668
345512
672657
987044
407392
627858
654087
977855
799045
852058
370353
656031
889988
278185
891792
295100
991049
280805
643030
803901
313683
898135
408078
496110
686482
962028
887659
278285
283472
777788
43938
874941
177949
297879
106904
340152
78320
688623
385627
254345
143902
997397
630225
79887
873743
963347
664701
665605
538819
785916
61790
405197
342927
60132
247003
776971
60248
766647
511092
863078
363257
236244
35166
195834
658954
97425
410067
353516
429087
367184
673506
461318
623346
967677
448526
861211
987421
946701
639608
912670
779097
999466
836629
859424
392923
41177
636114
606916
64701
920273
29031
176515
83986
735157
620878
787994
894018
919578
963029
426750
962266
293609
535938
962356
93769
487918
54589
128422
729832
262468
993636
106697
718874
887411
585394
147762
638770
939192
567942
735371
334130
808525
788205
112144
447794
423986
236642
362130
291639
631054
73319
725301
991608
469602
89817
978818
930242
675684
333093
100899
738186
507504
688118
839947
306654
604635
407920
346109
727465
13821
697030
531609
339690
745823
392916
241344
980849
659333
965493
419157
331594
602915
19337
612086
303663
927251
175653
45711
270931
10320
739886
322179
651525
953120
128969
864278
514479
83230
439686
954443
461698
171711
931834
478186
768829
100273
235006
890062
809799
181268
215990
596653
678642
461247
328501
225415
833163
647036
292488
39267
113969
369232
48029
127547
804629
510813
170502
180916
145507
896638
901750
767721
223709
708760
451497
832830
67990
51333
609899
342314
564112
454444
62823
346009
176106
579761
261218
413148
469487
519870
356621
549240
542771
110804
692237
373333
996716
122147
886982
228357
176393
942770
287805
640420
270612
345313
314483
524836
504087
831916
748410
36428
2024
680245
322002
861650
808355
642137
557773
930436
169668
245635
527683
720668
292234
261374
417145
696972
704392
378146
403016
186609
253681
626317
819593
769315
542312
616062
795372
10009
633359
543716
426420
798364
35614
598586
196279
247438
441581
989800
167817
496048
977661
946455
35491
403393
37016
514598
34485
974702
922288
223664
476702
480481
585256
120971
681439
600545
892121
538640
666627
727734
277354
855641
432159
922148
677051
458565
693978
840852
724702
145202
768536
797435
283905
331524
680151
327523
416471
456792
198374
202028
964004
715288
231363
897060
825281
598974
529170
262485
294768
37991
282088
707194
569590
661177
918114
357121
323556
948110
706997
331262
416532
284196
673533
728176
291156
911082
448027
826612
353851
570505
214671
84197
910009
649108
258480
243962
505208
789750
208767
602710
16805
406650
829983
251217
515058
537749
605587
2666
386868
941270
720006
399617
388886
575690
689863
278734
614033
70739
294283
323647
187424
399289
898605
399269
881009
583528
709495
41011
78408
221393
217937
996346
870947
813312
979088
335674
780993
630506
763818
973118
241949
202037
716234
692636
702624
137225
775215
503688
565003
828703
681540
242783
469525
897358
74712
161959
65170
53788
752260
70044
949285
72532
320410
298905
555750
895977
752558
228404
918885
987477
401982
788694
943993
502854
412568
666400
792016
515200
694680
482254
659663
843155
271786
193302
375113
492726
813636
133343
384014
705099
780277
495761
964791
747056
455687
684764
224836
7772
156722
224705
45469
887196
214947
58752
25107
929212
559646
661254
600409
478598
166840
573027
738726
538969
424927
536875
176277
535435
126732
103600
326602
778251
760932
291177
414207
226104
896550
839421
868865
736540
109186
227803
372489
831428
548726
502341
158863
632657
780136
875601
835293
813012
643670
581113
410692
672083
836140
346774
916171
476065
32726
848765
603520
460746
762463
259056
956623
961049
766618
985316
796610
918371
374283
324167
410619
148231
284676
186383
208950
67925
774854
117702
647766
539681
731690
624608
474913
733302
922831
590106
900262
924390
553277
629484
691605
706151
724791
830688
843967
716265
609591
832053
867234
432556
954655
734206
807617
849722
435098
318380
196939
487589
862507
333154
375457
360381
406237
216798
342536
858971
98280
685677
924134
93132
310556
192534
151190
364885
9187
488258
975875
549525
671658
15443
57945
909253
704921
733414
902808
475102
66370
971564
804599
770798
993963
17770
28284
944356
187642
823916
68508
150338
97371
840379
869802
535701
782849
198818
620394
158251
492889
745213
497843
585743
997990
400494
521573
702763
333216
281384
273002
38284
975726
361160
525818
215096
448871
219625
210716
267158
153489
865333
339037
31191
971931
759059
733873
750360
271578
486470
256367
181100
995136
115497
582055
392240
686274
363158
95023
499980
378822
445407
755070
671433
428190
500056
744393
935301
551131
350017
492931
246131
524011
840543
351854
308560
593975
53130
229528
420235
327730
334170
19282
622632
961337
742778
536151
248209
886229
700577
137541
271751
134504
378098
498276
665910
654911
401911
139965
18000
327376
664102
984136
828921
261617
22332
737303
681568
266856
181977
884160
688480
539650
121729
122692
577010
798197
392385
984921
662904
247296
705909
163879
292441
279981
120856
571092
668853
452286
350328
728904
388836
385530
671652
842147
283899
194715
572727
945469
953039
205745
786611
484020
128488
829586
965684
187670
572783
861236
950428
727814
580944
473310
691347
122737
344996
959824
264901
516483
611876
824154
51105
783488
448459
314713
471781
959579
57429
361759
193235
113776
805787
753306
539799
404298
753490
28178
149378
284237
30401
638515
993401
322983
166132
911681
838349
947233
342611
910135
96054
918854
681349
250445
287235
382199
948532
440973
443910
986414
905792
256824
804815
894576
783176
753105
140600
196236
740230
267920
122405
411043
327830
306444
398888
345451
896166
62736
981201
90713
218267
607983
996574
884943
685839
775913
428368
109745
251428
793515
739428
778637
334607
89208
313667
534283
194165
725933
993257
28855
980173
88844
183768
834801
705527
171936
226130
90811
83524
979779
155844
70064
171723
223897
936085
744840
252010
474492
726196
326291
564696
969321
61646
809535
914965
930743
624412
390028
830067
145164
819992
668765
93013
210674
269687
203799
696135
40362
765668
489651
67461
45725
859869
398447
295017
678797
163858
302691
890852
861846
381960
886154
591268
957066
612791
273469
623647
771290
936605
592417
544415
112452
976480
551641
975440
337590
447810
100586
359485
63827
776526
855037
155854
417815
325703
903575
304726
555038
532001
173266
549207
805933
354555
908894
363179
338995
953071
859828
30793
95408
293397
974914
386610
641592
93451
90
47005
380061
45380
368947
938828
850742
322528
60667
211121
353605
192546
194172
942755
732089
827049
738409
84883
172268
886627
211336
887004
766658
310417
377222
784193
611731
981521
841564
229204
12087
108925
520651
16752
371132
766530
642133
883528
508649
231915
884798
187137
963218
487196
780093
237640
784978
206297
636072
953001
44952
682622
543299
223243
308214
598073
592608
852176
172063
792288
501346
757024
116046
557633
668658
527208
969204
963672
136289
291750
482448
862106
845602
785672
827333
633672
895605
326241
606321
182978
309132
989270
433073
858947
942758
166639
907796
376306
714797
642473
606424
479810
829094
185902
370929
827726
701828
426189
104791
413204
373162
899196
621810
112113
835671
590789
967595
491681
975420
471630
17150
702049
594601
801568
378622
348641
900980
519717
364813
620673
424761
15987
754390
432771
877936
874952
294456
736765
171142
925158
390343
792820
467221
100139
831885
39499
899693
830096
627568
705043
748622
235913
926036
366189
209848
769640
248191
542495
460578
434362
998396
840830
873044
144986
75549
892041
791025
489677
393903
588005
962958
481493
364697
582244
239705
266334
39973
483000
951526
192212
674743
239385
403464
767832
332201
723107
926430
948478
689163
603192
585515
393355
455865
361623
514570
4170
241363
145974
499619
533418
862934
379685
859728
362270
868175
203625
547803
523003
451356
797702
153059
423029
360308
621268
827058
471044
990538
19171
277604
481812
75137
813268
135203
207177
365473
698222
480789
967493
178377
263853
939471
519196
399700
855031
325941
451925
595460
111700
20005
370733
941143
233635
399419
982560
81806
876374
338784
414389
666986
672687
701117
452745
135983
758033
18845
372926
153713
985667
54635
22987
830991
394096
82668
764933
519334
252338
112309
979348
310225
202608
149833
572556
494685
788716
559561
435369
863380
242172
513395
754569
539841
727582
681822
353119
140326
157479
721103
381887
101997
25692
92210
202208
266058
708448
778203
103496
59537
369486
914879
694685
422414
379425
836488
912204
722009
329284
326581
817123
947178
422689
369080
340884
65933
544762
89066
524824
450441
806097
66419
1302
178002
205776
629126
297818
873453
268512
15074
694214
503516
279113
782102
845713
177418
880372
65011
732621
72255
95992
129282
229940
7783
688526
686895
401878
439533
534028
761691
879814
434624
852645
923
219031
285935
357248
829922
107616
993476
416706
463989
774435
898896
924180
968752
256417
560282
450739
440214
501378
832053
314272
57086
658656
286702
16309
887255
125567
604364
502505
858631
514803
162633
513656
80268
38196
766961
544929
366542
146415
590448
923741
697115
721279
749501
370237
229391
86168
426312
142578
246854
651658
893417
856326
252217
714058
424525
611472
422645
81224
489595
394214
711890
223560
5184
172680
757404
534048
820547
277002
175661
944756
939445
43278
112472
300073
515942
956847
700525
299928
904122
473994
488730
662060
864206
290362
776384
102077
398924
150721
102055
737953
403629
502198
696781
870655
204531
960320
415488
370282
770309
679222
950404
555669
829641
291386
126333
285254
776172
398942
204398
879221
813676
792423
584564
828581
950599
692767
889614
9042
512309
622656
934710
286657
410745
223403
289388
29496
519781
915827
545787
872327
282777
113113
718871
372381
166810
837399
370742
52700
958551
450341
631091
434509
21696
472778
320525
169459
809645
294767
695167
617291
376165
4806
425783
559956
959715
88701
844686
557618
710750
83395
607305
635670
627213
492715
922257
566151
649421
284249
756148
19911
466676
236831
280403
254661
93457
467019
448760
744119
397278
569099
358593
189879
387214
172990
765908
873803
299662
870699
293644
120830
841921
8025
237537
929
904722
415070
924507
409370
902227
61551
937445
195309
360350
47108
897536
633085
761649
504481
157094
225920
498795
226281
871705
23996
769615
723558
645289
429678
485227
799423
967898
390120
861067
399032
58382
696118
289549
200181
305098
148729
236950
167476
239395
977963
88087
839055
89038
259731
966658
779501
478800
292250
780363
850264
407397
775697
48291
69498
912961
376357
604516
28204
87517
705184
226989
788671
276172
779705
756211
472091
1313
12178
172598
760515
208348
844733
553181
529115
532040
768836
85906
866328
339066
879065
932448
36187
159778
619700
665742
350095
367039
495106
336888
530690
595071
636864
114429
662728
756914
528008
512863
599934
28137
814435
912866
132880
488608
786096
255425
186124
133064
513712
443850
581048
570197
339612
939582
268659
541865
160114
99473
456596
487479
69492
853536
842641
135589
165249
166627
874593
608557
890976
270000
394129
885491
48735
407577
450993
935499
957385
131849
269695
371520
85322
789227
199589
386200
979871
467279
209940
238842
861922
299096
309725
602710
623882
635690
182352
443477
931499
200917
379116
677459
22828
291898
44528
578738
472278
653526
414373
561687
722544
778016
383683
460827
854299
866642
484320
415498
960465
344341
148374
366980
230031
19336
295660
281752
639983
877381
998897
303177
585328
99420
83051
763648
393757
986456
276821
293108
732630
826611
780764
744566
219408
198996
791026
136478
171812
893632
380105
111093
758310
92514
893330
892452
798953
855718
505968
422791
32855
115349
114402
874942
919494
24693
350579
440698
492352
950361
542959
381743
787101
330978
138592
581913
8123
246829
686791
301761
616540
388097
626117
282431
206874
529984
679095
377714
760148
314627
975363
613522
434884
92016
567412
593429
189771
948605
710824
160450
115321
24575
511644
470554
154113
862355
168257
218491
397896
558400
237624
626904
711402
33680
52548
743014
293239
935111
150050
511135
145076
287533
98337
564649
62402
152743
204787
376127
87689
146552
452702
664131
428069
964116
709891
880929
524800
467164
119508
670851
212916
153646
553833
188557
633863
770077
668232
754717
711974
23245
998929
843099
199931
40399
655773
233299
656863
972966
372435
283204
407654
266482
426767
249169
417177
133012
890302
749060
419205
131973
722507
907755
23065
923585
561911
396080
279810
2447
623147
265336
798266
684296
200756
841826
450541
501371
275923
149526
462687
464091
780363
266882
117621
30677
221130
461827
413097
436862
81110
734225
290835
691068
703345
647386
906684
434654
657777
346940
294465
630198
837593
897643
157873
430583
437185
27289
253126
403151
266982
790483
812956
487604
56711
75855
787841
873933
560540
816583
416157
711324
257483
735663
212173
144807
23580
828305
911320
807436
715265
936664
732551
255366
697135
947748
837456
793737
145993
727112
268149
864864
940342
103751
207878
808460
32508
995127
785333
19686
66960
537271
839826
343463
137191
460438
911533
822283
323124
335410
939430
602210
767645
617258
324088
233345
727780
246756
915225
734975
516916
436298
600929
951786
50007
889803
951396
683533
355061
74143
837851
667359
454328
303270
339305
435453
488782
164362
206389
931711
994323
58539
156015
142857
576574
133882
958272
817505
941143
600450
98757
357081
745549
843668
633603
91116
700928
259550
3452
968571
58509
651831
616468
291849
48143
227320
574414
301580
603778
30003
850819
3045
426289
772199
41626
639496
944035
444312
587406
312288
917065
780621
467261
517376
473128
618510
626306
761898
214656
598962
514541
530882
390140
681967
192311
24299
119075
299545
591613
851578
936043
263118
659148
463
873943
291967
871541
914960
37564
359617
669098
865689
50973
520188
407843
620471
919072
717988
496440
424777
548905
570279
977227
590294
119744
734955
832294
236835
543396
796226
521197
593353
392555
780677
651334
493244
223908
504464
255854
453445
871575
131357
294984
55238
390025
666644
634738
948785
781188
584637
403341
113684
245829
226865
195679
305925
881528
187601
748644
113521
90243
510741
572149
788148
508982
73298
531518
683250
264650
259307
726726
509462
763715
292102
785562
741685
97638
148499
726903
587307
527374
554533
288900
250382
158959
962541
147490
762255
732463
614048
6293
703259
238330
552587
289080
382925
7212
464592
985893
289216
237555
473753
90764
469014
7247
576939
839457
551370
388740
717497
572336
160860
668036
794096
415020
125726
670082
616220
3627
33407
917978
494350
747023
430724
608695
939073
533068
674668
398781
210553
217528
659200
731310
959388
443319
70020
918323
831806
124718
752319
127096
829384
75859
468804
135546
357027
899617
427645
160935
991462
762019
353747
697296
506478
803077
895158
44442
663078
630502
427404
535684
333536
126059
321695
655495
652701
348396
669628
3120
12379
534903
187693
916851
299505
378698
709827
175845
414890
162379
899611
818318
700518
298269
403753
468074
246608
79757
121818
600645
212558
798032
147671
948269
137936
901737
432449
586317
537887
888889
558471
142163
680260
385044
244211
135692
690984
726906
888041
499834
279923
300257
864494
255226
829629
65083
60753
728431
874866
685211
928956
719185
304174
94376
285214
993372
14207
716219
582361
952208
731594
912416
245662
151349
86561
688135
554516
596744
743984
411359
413199
183672
277435
64476
115547
893418
590463
865062
671835
75419
527266
627508
38961
378725
622221
117093
698844
435289
112872
685184
814515
3199
681096
809032
839770
275748
361166
954319
655856
208859
713122
960703
705458
685589
133827
752328
849515
10998
193404
807204
172807
868117
328433
107026
830249
83722
199039
922009
117867
750939
906534
198681
488807
490648
778808
802332
260751
850622
723861
592362
981782
966495
605351
913947
560490
832019
428800
648880
297705
845352
748961
288713
740678
156336
899461
288549
74283
692427
336637
268863
576944
631337
906417
244627
759801
459567
309589
747793
513469
722363
580557
284636
617840
109170
546920
758831
322795
69390
896932
314426
100779
271265
586571
848817
373370
545956
846683
975364
431791
867145
285133
777906
49402
426078
122953
405312
177912
309938
45585
997300
405902
726905
217569
508151
268784
644016
39668
375265
422342
558376
274735
545004
806610
315442
246793
697467
472285
939283
537066
471024
626377
56213
152152
441621
251762
493301
706026
894856
924553
833559
327272
74431
831181
376765
421772
780446
951026
834750
703778
555196
540580
548307
104824
295791
362064
543343
875416
166851
588850
821993
814607
847092
657767
664641
414455
87517
310364
436014
623256
562955
639089
855007
967955
977239
320911
698541
673661
697478
456185
110308
855799
279930
377174
27342
675406
572982
580044
219734
433027
833221
339347
675625
512619
46236
927520
396755
174113
94062
14277
725740
665285
258053
134058
125685
768718
900895
702543
454850
527912
920751
771698
255754
540027
947258
638827
794536
459146
617710
348769
967864
152861
149042
87225
604406
988083
384925
495068
417531
850914
21409
541419
958793
320235
874388
329262
114291
285380
939591
215820
994935
717503
779681
349494
441706
257634
143354
989263
489626
320985
678429
5121
892642
14390
942052
482608
442995
55933
148861
537923
975870
756611
9841
464663
37904
187252
316294
46553
280573
416095
675070
358174
175663
744455
703828
185934
223948
115307
392574
403484
95680
135820
725849
912993
744063
197864
776658
452774
802445
361596
602534
420333
394754
925620
66985
492111
630653
556553
990757
64211
545000
123632
386373
530257
244459
23355
970321
915682
49108
593924
722301
692394
132892
733244
636537
881951
907289
167452
903536
54103
61896
412019
152531
981002
530576
405255
968520
327363
929212
883414
151845
976395
184784
214016
352895
552391
861876
868347
863992
173868
765565
622176
477830
832283
716527
995381
384195
821010
577501
323266
366917
261670
174519
607924
772379
29421
207231
517966
175779
567955
116043
261750
789126
951573
624343
672989
218379
981831
678613
110469
620792
640391
497313
301148
994110
110437
269548
148755
623823
879384
249749
44775
893584
570298
841630
407192
864523
75481
815564
409968
605457
646018
852413
689959
543993
701475
977985
884448
547146
180554
448747
798886
536668
751503
783104
284555
987590
437391
663112
416972
988842
162293
212333
919199
311375
146301
992172
162917
973776
169812
689731
544961
835486
71935
647989
467007
177931
346421
838930
441558
256645
703871
819491
588811
12338
60803
517400
409724
602511
706449
922049
895518
965285
692865
170348
51727
804914
597912
243195
809417
112299
779872
165892
481062
545134
987406
697989
89805
917992
1708
438817
701314
784241
576383
739470
744462
617027
224141
225426
69426
125778
957162
509927
963026
744545
937319
932710
454904
420232
76914
855901
407045
901527
1389
554293
240103
658702
492931
727205
57726
551134
519114
714847
40296
683528
828109
991286
368440
417254
63041
450798
342678
687593
503780
900063
333349
896753
419760
431491
729660
906272
679607
520076
512872
71787
650141
446939
513011
952546
84990
811379
545777
1302
770210
567282
199939
959746
810309
275351
744970
760014
310478
111217
822688
830964
472028
72515
793008
218172
120542
711623
215374
714720
262567
169672
805206
190964
299602
81387
547925
928670
403664
362596
985762
881078
233150
248236
403588
409742
572276
227805
575535
583009
331729
281810
897221
17646
243294
936677
358023
977866
141800
316653
185141
108478
256371
779524
274995
908971
491758
577150
121409
194122
69736
342985
435266
740900
159480
428124
692504
959427
716883
374307
117474
737618
647266
241692
958469
232086
419339
4400
978683
530466
726851
368971
814520
572057
176742
924527
642957
930930
425293
33612
234779
5504
375848
794096
302859
220248
431162
675334
110153
999616
464981
908926
141044
327677
637178
667126
942849
384117
75895
476268
76535
836387
475123
263944
168476
63570
831761
970608
194567
55262
93231
586975
248376
105790
23509
604020
749155
769028
869372
139324
699349
720553
846446
210067
79115
856084
121569
278093
919859
927910
701485
86431
283463
332157
899690
321038
880674
755631
131700
448465
713941
448819
71964
462769
257335
489425
61219
349376
877853
640397
465430
609447
640445
141823
693899
479451
711760
284242
225805
655681
977113
400561
184294
262795
641269
33006
897402
863591
478694
331273
759290
591433
495717
684390
63524
789700
146843
742567
715078
113276
141277
525073
527514
996819
304415
197609
46650
110572
321753
696060
777610
264119
321972
772720
3138
450951
329113
803317
646459
106066
191964
349264
828079
920810
234616
173609
618757
905166
920563
787089
469749
176109
307711
312171
826170
972294
955849
977987
12277
325867
320604
144147
392055
227072
500477
21288
245956
337683
199923
156033
894461
96322
651985
658996
450217
208971
462815
159609
149466
437785
964506
475910
768515
986040
550370
652153
599072
708915
560875
681611
337695
316624
659210
576607
4702
218863
489035
680382
89094
484503
852010
585671
713568
416351
230185
45175
300310
294252
861967
755847
138720
769509
958865
723004
22339
419944
130362
175032
140979
937191
408660
410171
49784
731667
174527
996666
744660
801186
801501
575513
104360
327212
389773
849745
344876
463531
535562
156635
444111
377551
534412
338462
115579
519251
890351
520240
180775
657419
343214
460136
664566
640722
360169
440709
306838
584919
519977
413031
820983
831367
40926
91207
262851
706661
997791
181649
833905
336636
892578
248095
310329
713620
822623
45013
538209
689073
226103
165092
287665
117475
905529
354964
5083
600558
183819
946091
782779
681430
264053
282549
45517
776991
481195
644883
607449
807288
151377
154350
461954
996961
635905
341775
403619
3487
761316
173390
885210
698744
50383
516633
768326
36625
731775
100722
102205
128652
685407
268926
72475
120977
335098
13178
904428
28643
777201
18774
510939
364933
187696
897220
888230
456953
121006
433303
370198
827503
296696
172333
561944
487082
77028
719150
550452
220716
528647
959684
15171
797852
437965
840606
222539
615848
545732
340118
232561
230233
944754
438885
175796
471344
686494
40334
671369
670602
95462
100842
194688
871526
993368
74314
65862
580967
456437
945109
691840
862358
55057
998835
329962
834304
355713
697184
377825
159494
876811
355376
632722
536759
760539
160496
72880
83453
20660
153572
420601
344110
597952
628210
992232
176050
215739
293263
846628
796043
195282
820528
740642
945303
891516
448322
487886
6870
294478
132441
488622
502097
647576
907465
74721
722700
103699
152820
78492
5301
149309
638835
308911
285870
910046
779186
163448
139189
141761
368896
789595
827071
155206
88132
846940
829766
955895
464739
465886
394829
132664
948868
835397
350628
921617
758539
417857
35807
34336
634807
427229
788833
66614
430480
387924
888493
644344
873751
535169
2502
259655
814805
833493
365650
802497
713749
835078
735304
704078
260685
147258
217387
597795
182852
317780
229568
645301
404975
145784
900421
185648
397248
337050
180284
53245
959025
321517
465766
285619
573124
473508
322630
288422
668184
968025
262741
1563
459681
188952
246474
994798
685913
679392
10278
410057
205794
17028
650936
999350
391776
838000
478875
138212
228516
540906
848453
536818
832650
883773
363680
939361
377167
404109
21032
170285
862940
445806
746029
944392
782335
630991
981875
27216
635
613342
683053
800649
107356
161066
284714
543969
735915
148398
246916
151757
267651
295137
865351
445295
118187
787225
144247
208243
339246
152230
151362
54898
506026
646696
611596
282013
80092
142612
841663
947785
56341
879238
809890
907503
834694
55312
918330
443564
201553
606503
749853
513132
767761
98989
745501
132034
714792
168378
151691
928067
746868
913956
208154
219820
490898
675338
424047
817394
750257
744571
53481
244965
505664
562887
97437
683866
631443
497032
222096
444816
126060
214278
109996
886469
78102
472461
397073
521105
86598
915562
698622
190613
498268
902128
123688
404660
516381
148223
164887
46407
579516
231705
839474
79718
640814
629831
156450
824017
204244
312142
472403
805905
420761
19336
103858
623266
105138
341753
742165
136642
514429
364798
134741
569669
223421
919614
289244
344176
831612
816123
192750
268262
329396
557902
581552
811684
364263
626530
225701
15568
647178
295806
633805
677794
667370
18323
193744
149914
721484
514443
832834
396619
793778
970474
314487
363191
450736
574881
35063
949522
174874
199763
445489
551990
983654
708560
403480
312777
531749
134952
407542
244271
42485
122595
337673
706303
470712
382235
848464
361208
427360
980254
983074
33627
594367
227020
957413
186147
226376
677843
728840
701900
540005
195531
946795
374280
828915
776263
730181
693128
99911
6644
886155
931359
266177
605161
918283
498870
554321
761031
734136
601517
995773
75949
568290
66025
940654
985339
530309
676254
308067
431498
10727
764814
347781
951435
181316
818149
187177
782920
930452
774848
703536
408135
805796
79566
742294
355124
531192
753653
579551
984513
217723
201053
373153
735720
769100
582558
611821
614097
231556
707488
58265
726196
938524
456390
590053
289460
706218
849925
324201
297167
106877
494960
834080
277732
377601
722805
482694
347542
19353
762057
401874
436256
132994
977096
612602
435746
948634
819022
508682
786128
476596
488101
476880
996583
195687
464857
842558
159706
881056
81087
751371
221146
242706
665536
103268
140218
674295
184660
956297
470286
178827
790677
112857
667138
799952
683306
651836
511802
297919
654200
484863
611858
600375
280159
3801
360965
137626
608743
317739
411044
804413
442950
918762
223863
829251
737925
364850
497316
538502
125052
250916
428441
316554
506246
179372
172503
705760
933587
911471
43165
902103
254181
422431
368434
89237
278319
910904
837760
507805
749270
831571
106999
404918
168787
372850
455761
58142
805101
2028
180921
171886
959145
347973
679111
235582
973368
290513
65157
93704
24446
221827
417072
343687
309578
381800
788821
318114
819656
397759
558290
745251
223222
425689
758723
68503
647568
336050
958761
303584
42090
577706
682998
113534
327001
631092
118528
838904
428093
992376
570476
287343
708705
142124
116633
885959
451905
315822
221878
767105
693228
706963
88820
290159
138038
785926
908548
446605
931480
453724
392083
171880
879984
118090
848344
939946
800811
12044
637674
748675
277023
402758
658784
508862
460136
590802
496313
848186
467819
140649
494798
209565
22038
77620
465714
625215
222082
402398
28174
512428
467642
414820
786300
783129
819161
13212
32067
851916
369289
151988
433439
252087
714704
29868
641422
194941
591272
284906
930817
1742
929465
642095
301078
39180
716882
777272
276710
287074
377560
277139
361615
968448
705776
897665
910604
712579
724538
420044
30709
711997
432098
654438
962686
988597
113577
551882
910715
521885
20207
149416
991751
631859
519468
209428
584985
483911
796628
801262
180550
784194
905733
703929
368772
713819
617048
578748
441788
744105
255032
402588
683254
958807
954994
994838
941910
441555
713603
798313
802989
985883
527501
167475
655086
395122
11029
477744
655269
490777
794380
911686
368992
298484
441816
223088
258891
112419
489980
22526
509136
232932
757748
960197
795430
918358
897205
390706
464382
245835
890670
651389
432216
929698
892663
742839
468141
692559
251245
369630
292391
804087
774721
279632
506024
364774
83967
916281
25702
950402
767261
710333
627511
351100
435503
356046
779841
934991
226531
561385
104921
11984
991254
524074
689873
83287
118257
119657
379039
817858
250625
516494
887356
294367
907827
670810
993984
591880
253893
996387
203692
80856
355303
970759
738407
418425
137454
518081
884178
654273
905945
904839
437729
744793
740659
907665
344324
795125
12217
67528
697229
870140
735523
860488
901724
568899
819920
317372
735798
97912
649920
744324
2620
716279
619708
37531
525614
199560
788814
551085
461171
587223
826809
249476
693097
563024
901638
248264
348778
526740
944850
965756
494462
998654
100069
750231
847555
183616
411318
880511
203982
881740
347773
976069
122518
265283
916010
190545
615508
470463
225984
251729
789120
735881
452430
875389
605483
62921
674888
501155
396689
769687
746861
258404
842748
828926
942957
33511
50216
953159
188566
202713
974892
118101
763301
909319
772709
593792
391653
661756
370656
7200
981536
153981
557412
120711
604931
126147
979020
568532
794671
746483
744651
498094
387077
314627
312393
950055
848321
247228
200409
971368
496564
217748
481286
627183
264296
19925
328385
406024
714214
804203
397320
869881
622673
755154
742850
366423
972403
949480
55615
793915
901618
692589
631579
853870
103228
49483
681815
149278
612010
393291
580998
939845
315428
584931
642163
793966
933351
138955
52492
983175
974027
512437
840659
743585
645965
554684
389660
676474
497110
313738
374231
779322
385201
390102
954003
407046
607814
271405
9032
165155
122566
426822
596365
270367
879010
487557
119634
969320
971356
953794
997925
110245
671208
565256
732524
404489
565414
529864
567747
812407
747985
734571
339692
137322
123437
924888
802176
55964
411426
612914
425333
580351
214674
318245
81928
582420
529851
965424
321955
853614
538880
832347
724473
39985
321050
387125
357464
362691
953557
293900
575420
732450
668875
918927
261596
288274
95790
515593
791730
107458
841110
105172
187691
356953
67254
93179
176221
274955
868144
650948
260981
996071
988457
108008
299927
417145
294942
233162
657195
90545
267146
628231
85547
513841
246010
640964
876891
274556
710717
960782
963034
417123
98369
819866
689813
241553
754124
704176
430506
168050
821838
481794
65455
516318
227888
211791
381543
301783
321709
148642
173304
716089
710497
880214
481037
393872
439703
618873
921328
250254
779489
420844
239748
180179
946357
725259
254427
986190
909287
298886
603132
569617
221929
156452
300632
495445
745057
548962
213898
574758
266746
491388
649229
678436
388131
919566
964342
452280
624038
777923
935433
433104
333542
536457
265643
711061
411170
874354
603283
691541
267672
620236
438670
561029
154072
958321
514163
416562
471416
933031
160147
942686
536217
494978
515970
338432
128023
929435
359278
603752
627867
651156
608503
586418
836607
97760
720041
877002
884396
277611
751362
647230
462179
718705
230815
672554
639857
162018
246954
39992
624797
292227
889561
658118
952563
1283
828128
715187
374817
976830
755269
954407
777221
946705
417397
834770
457234
330970
883244
538949
314684
906776
683246
285325
450862
663118
898105
106615
813163
813244
221509
158753
809415
485275
485310
389280
344347
158528
922986
509060
784436
894167
547873
235905
338655
32164
823443
745939
690800
388104
300
898018
104192
200907
737385
216623
502296
288435
338470
48965
603174
439140
278423
666835
567693
457329
467984
609156
249299
390223
684178
454881
248183
450168
59451
264640
627253
875312
680554
610223
960199
1856
914715
742078
582275
63963
319829
790677
849015
287217
781700
471768
388937
78349
920366
612033
936352
857511
17110
446051
702099
360384
293008
655807
41908
394981
602730
571210
268801
286478
913418
319460
846667
843452
587717
555706
554302
732523
226583
640847
758556
129764
662301
177640
68061
868693
92482
215822
350435
794285
819730
890792
594018
476097
191810
661212
107344
264112
431220
769019
800884
995460
699717
115017
344440
918669
785397
634926
678750
997837
57848
99573
58068
597831
799965
660445
938445
674077
755707
610977
865090
953447
217715
494243
409563
572446
750982
997485
445930
661330
155654
750418
559962
629543
421183
484352
539830
428215
817087
888663
529931
909200
674997
103487
364423
563623
366137
483578
822809
925738
327140
276719
724993
589393
501910
801326
568843
143617
832522
562559
547099
93432
229276
302751
42688
53595
503213
837225
351473
34139
396241
99115
736139
142271
13074
592032
621082
338448
578806
702906
87748
69751
36708
382838
387921
473286
672206
68412
586311
690542
730446
789480
387850
850022
769695
767803
878192
629731
413445
538363
857883
402976
857727
464069
601812
192963
200288
107662
726592
535186
488595
625525
411371
821468
32480
574002
101118
789983
727231
808935
393891
10926
776620
750332
609740
228287
868560
597883
356586
85945
463929
268481
822432
596989
651227
623892
171754
314075
837086
386439
59351
719028
591334
889950
521736
406566
960736
772876
719624
191159
746326
64729
452178
679113
799509
410759
859873
516919
43475
612020
862733
108282
27649
993618
186823
149490
552544
232663
219586
724254
835231
972600
176496
20311
126530
391290
382743
51262
533240
455355
175026
333379
788723
24629
310317
513682
971970
396672
36146
146159
372187
783509
28732
219114
766207
172434
450236
402852
742874
410039
255929
34818
469670
676164
906752
291993
885262
875649
538642
368928
359643
343021
149314
965381
969282
547381
674206
173938
447322
199402
376217
660098
525994
561400
505341
138583
672945
85319
99274
384995
994948
704781
567855
910784
984335
254531
927578
593092
687039
742963
162122
684372
987912
698669
159481
352250
880159
848104
261897
949199
783607
174156
925649
693680
335799
984264
923362
926322
832157
889686
917217
222445
162097
160783
578904
157063
377595
908234
916596
245483
308871
760615
567785
600028
556260
363903
705588
213464
759048
940329
919501
286847
573960
5805
288318
830457
92985
162048
182903
214396
341372
555523
486150
75572
699999
156106
446755
200870
757222
33085
545186
678036
590018
307543
637296
155266
51657
603708
981229
54159
713036
820541
124615
979743
589441
709844
519588
291456
340253
837284
377705
47024
846791
409686
922551
897423
345727
857928
411267
899454
753091
390242
622864
973788
328189
69422
142501
235216
206888
915707
391897
529642
912880
696541
535614
224712
907225
756044
15178
945358
233091
262209
95630
857822
562496
133779
303378
193801
245461
525328
635118
60481
732433
349993
534777
186213
228243
504417
515753
431113
647984
263361
806282
871105
867925
609122
413998
391111
288765
745606
929840
240369
925802
476507
373264
441659
230638
667790
495385
293245
599168
566442
761692
878079
888232
759648
985258
983679
688187
979044
270913
27998
345226
780672
237663
611644
975698
209896
415652
95545
119730
117002
972212
54903
541577
420859
878368
718201
522977
60571
463331
715405
144996
638303
518010
135597
439595
307977
794500
624458
809365
911987
510445
505450
142161
360933
990251
475586
69470
123882
822744
666695
821026
230089
470844
131625
417192
297737
541270
453717
335111
169503
978412
350730
189505
69641
606801
311615
232242
129954
136609
109254
795615
811953
409481
78302
742090
592704
787089
544908
435182
866957
980718
622459
189779
44556
649258
94193
81332
207249
63982
673489
909854
229344
997271
555700
186325
672438
972181
522247
702896
814669
761458
356271
540293
257900
73192
360968
825733
472927
247524
124138
307793
344033
331157
786792
945520
586344
657136
168922
709592
266022
585581
150914
299361
911880
448943
152929
704588
761212
228161
702361
102200
271607
532918
998416
513144
944746
945265
294095
84752
18053
441136
901952
252396
386704
263426
840071
299592
633339
72896
896211
502875
912218
775414
713308
222060
810669
616320
489643
145606
947301
882446
5354
216966
91069
849798
827642
675531
404221
948404
447825
561354
722944
459437
830436
390974
550653
523741
472979
491493
731651
372053
650890
491872
58322
60463
911823
837013
449504
363887
325809
761379
187067
228128
347142
961677
251694
230503
487885
629580
255875
139028
921223
795848
685302
170767
713467
44568
986598
170311
631881
987597
609503
113271
149770
699666
531821
632566
815589
173245
38762
405437
531412
995295
747634
116396
465989
992386
459527
683643
736166
298833
3631
888589
590698
342045
239359
699284
765940
622463
742374
552131
555174
418177
254641
765472
433878
32716
577308
303599
932539
625388
580921
276677
823796
812261
547395
355745
422084
560049
353016
149430
80092
43677
528390
667855
585455
402763
965952
521447
953904
265129
80226
974993
460668
927722
769747
199358
855316
289256
923271
279756
236126
580934
177384
819588
40445
68183
262453
719315
214767
206450
115466
22780
835634
215327
436016
807739
39953
576053
790773
465588
255780
584681
676587
404268
81646
774042
656880
110924
883188
511540
129812
319425
422235
927451
866178
737017
978529
526270
591376
151799
611245
304875
586903
351737
381910
226413
593706
321111
511578
962852
479705
707034
21556
996874
494423
29910
911863
321597
326587
153066
320294
358676
643990
992093
553506
560168
203324
709815
624251
650782
992923
488202
857620
6908
898491
930362
43711
259941
548130
413922
134236
454394
701853
990115
564837
28124
416218
639918
125078
661300
383320
708281
47165
825200
934332
604024
324940
657852
926757
318346
192469
392229
829348
583628
244189
315911
732364
858807
288084
923467
960113
775534
695368
668916
5433
242126
550816
712692
72362
967777
683443
714324
856095
32710
118494
647637
164110
19053
707519
850215
177770
69814
794074
225899
253861
309470
122408
57951
290138
603223
110868
316931
856221
778421
466773
89667
295588
909482
127982
832506
505820
843465
512921
786144
599280
892248
423229
476105
275335
561489
113274
575467
212797
228319
569177
16398
532963
583658
250332
788554
507783
634614
589779
563726
291005
242603
656692
949875
872286
853596
258353
71151
732006
784242
103770
998881
957428
997005
663947
851698
250526
174816
401965
321968
997280
395122
389231
904239
674110
233958
623013
854818
72272
689500
173214
677328
515013
759729
524007
533162
828816
537683
677384
178833
279465
144142
216506
737776
766038
318601
354088
72868
926115
414800
655717
75218
881246
831497
566324
659618
91401
549437
729625
340816
838108
417559
194186
188295
667411
342964
728709
938811
569013
692939
374097
711125
964677
929324
28287
140301
823269
908935
110054
807033
509492
227517
94538
149540
872969
340197
168783
19752
342528
307479
864237
960693
132750
406101
331966
176764
205730
145260
944136
236589
475700
136760
247263
536570
130186
358719
332131
944511
228578
622150
533527
977021
258985
366243
8139
868737
129183
752467
553382
379148
976949
321499
556295
974129
206407
192453
296610
236651
356439
533604
994070
405890
609209
647801
908693
161923
477931
43003
756718
260212
512128
3209
792285
845132
893424
489990
794028
178223
518488
657499
791901
550120
298312
159817
613926
178156
760688
972663
487451
964707
117880
290300
539612
937623
835000
541384
765322
40398
379550
631219
263856
186148
500986
557196
971488
198010
316044
909908
112623
325951
696172
901325
