4614
217840
730063
796647
95882
495862
833686
995362
936846
431282
191467
385695
321085
453341
193783
663985
475257
271223
567111
123366
882057
164926
39055
53296
572347
81944
970688
522834
197189
92049
851966
683568
732155
552347
304320
528568
186658
319944
408905
31945
739284
29666
726992
682780
493078
336977
266091
519238
303957
712053
649474
869588
118961
714774
720107
94972
306351
116769
789583
17608
728966
514999
965475
297357
543902
352642
801604
137784
746988
451197
373222
836058
99056
245314
423083
332825
544631
156678
66552
212271
297094
875471
631541
486217
684681
404576
456040
782649
865357
694554
862130
887818
320086
741260
903948
234909
765326
317517
508598
261177
359737
3588
668540
936519
702040
366926
727864
73197
537957
651682
418827
782089
254028
457437
672036
127480
325235
692060
670950
779151
737162
493511
658364
880941
308042
610098
488481
506448
221850
121696
999331
693909
986378
935854
101772
617804
94489
854588
743258
160374
824115
587101
925431
395594
929541
232012
643615
141532
648037
381709
530315
98081
648667
573884
808130
677454
358289
461465
789951
243151
350091
725444
549433
387488
440594
416258
595359
749329
493132
234667
931677
419999
630919
144399
919611
519392
577574
191017
551972
152150
200901
442396
753580
468094
395656
335252
170036
555128
590108
963043
873474
723909
52090
683059
26840
808179
187850
935164
57266
191858
200997
457281
230495
782865
531003
846998
782984
17836
600283
98683
373135
860313
356335
496287
85118
624451
416527
288683
45643
379096
583240
590361
345725
900408
819213
85618
170971
806242
339789
170877
443379
595723
302930
124443
577258
581720
56665
290693
990131
41269
976185
243125
429700
801432
245541
910368
815333
137127
847470
853698
814960
753442
898665
789901
854644
992351
171183
536603
109410
703858
881994
898658
518779
656416
129492
871168
384763
74941
724296
324524
940155
604962
897352
103303
482927
885460
347648
176959
277996
375438
44131
469212
180386
765652
164938
656437
992359
927796
588157
974080
583914
453968
241476
289414
491185
474969
158217
773795
862366
573854
125929
935772
928154
333993
562714
147453
57663
284723
300077
916072
187096
757844
361891
974633
71510
483932
785303
801547
56137
936199
427189
617367
52327
213666
674014
430660
872746
618903
474264
484307
4410
448668
520765
329656
895808
599979
870874
787948
855802
872261
872290
358514
255332
514667
690846
505290
840986
696260
499899
601688
406505
731523
677344
746849
523729
529953
38257
883009
909160
506473
902282
841864
821053
454938
575529
749177
203420
998139
501470
943641
982716
552172
474272
654664
593776
598424
14469
536196
146058
510645
680395
523640
857587
692596
826624
316635
392943
421278
974184
986671
798720
443228
749842
826223
477962
228509
54878
771863
148326
488569
948923
446541
281196
186061
274648
409208
551460
256172
682149
957498
947250
99114
975415
512175
754615
566923
400552
675821
649845
275294
41447
547980
764376
22691
155492
990971
526015
590453
798469
487695
772595
919345
658981
628854
153055
735252
275787
391742
427554
187896
396557
816503
225407
391278
385557
525213
210064
561442
412671
835686
842639
433933
325656
792715
373159
17920
242126
634325
726208
456256
999534
534275
293931
325925
135478
355177
238533
636570
741436
956714
9541
560126
478420
284868
184467
31110
455990
869728
499027
282121
748468
712317
979443
205036
665120
311294
87153
770347
818374
251914
832914
374381
541587
116591
218994
426544
648835
888650
608118
607604
668776
524844
448663
344622
33693
810698
230566
305574
184359
222019
793005
387293
722588
809580
704234
308335
30369
352533
847760
20905
285688
228343
780196
691329
659052
192703
935819
880406
158770
768395
132903
619323
762795
14114
538927
557211
582554
891721
627926
593708
762725
243286
683613
102361
65905
557014
415424
970109
75406
958190
57172
893573
970906
103518
278086
325130
284941
791586
707483
853331
927262
60670
681586
147927
481544
523742
468733
271878
335066
920587
654314
808365
499711
219240
663054
404498
334174
454491
206371
93104
971685
531310
362348
909250
720168
430303
50324
466971
912638
444933
338118
534668
965628
41490
371913
497198
323859
194243
120506
554431
427245
659598
135136
680010
321759
439094
11070
745079
970707
550965
6900
587019
653910
542316
523556
192757
278919
255178
847556
100948
63944
472401
531082
353870
459753
746385
860906
690392
756003
123752
461564
285734
628811
813770
880139
649737
659072
15528
340104
334709
66946
229988
366144
640345
990672
393610
527776
14695
881026
942016
771638
523968
863137
881087
387671
964134
324898
223813
999621
688326
164021
359727
542619
696730
186550
394154
881530
148713
672578
121280
654914
447125
434356
29295
861311
343097
174330
601007
397925
377465
732533
254053
349687
685026
38293
564598
187636
929547
21998
833041
443708
701271
801470
929464
424285
941049
14024
586063
73653
809386
491686
516901
671270
258231
157149
665710
629938
546086
15
721991
152018
753836
187921
953814
30848
883055
605131
282487
829721
403118
4730
679175
964533
744986
380107
838467
159063
108889
96260
898140
400617
225963
525491
38597
906201
113863
179668
834749
50812
650116
528989
298984
35219
790538
430517
209184
46827
437961
988223
188582
165326
765411
626235
407972
396406
668673
585615
966626
462897
209214
556735
994237
220884
800469
358085
126706
431712
327360
521249
262323
189807
11436
495418
141971
608173
521383
14521
810530
759189
401856
166290
974518
456094
865825
858280
826892
86138
366060
47548
213696
834104
491008
274707
922794
820220
17723
559472
606675
132553
190088
73661
854898
342146
981496
646385
23860
639025
365850
331319
56310
673176
558142
522705
302690
587239
616430
684526
44634
37044
802434
106486
686079
49844
485872
878432
76074
38896
301495
184796
403234
845202
431296
963828
213365
73547
975525
591536
44373
185509
983737
367712
213020
564134
61809
624437
565044
128589
456549
532350
59951
904903
90368
901737
54686
821466
986816
443086
954633
102023
979587
350180
71001
260829
576651
944684
984513
348324
153481
380760
121434
742512
180798
852248
849982
839370
483968
525299
529637
881765
913091
426167
348131
681735
738835
477018
235553
784132
196808
402860
838246
920540
562576
441161
838544
73591
558830
433793
740490
432174
580181
141680
217322
239975
702842
714055
893517
817233
881885
425798
18711
513910
498648
951097
836626
911459
58556
642837
432270
929987
791428
183847
851589
128569
647004
566126
299613
560942
915045
670622
975863
867125
185708
796642
421574
263172
510474
321210
371109
694857
719073
687397
816682
599981
425786
80937
306410
388985
871737
456033
426502
477928
824139
946652
546633
531770
457786
697744
6544
446084
961019
694099
171883
587474
85671
705215
419449
185407
144160
753451
728648
102293
285522
599738
792715
931179
179657
848255
459546
323085
290043
892733
841549
119987
598555
429390
95118
878507
706565
242965
166623
824136
52119
484616
538861
767569
568948
343172
62849
407616
532697
955100
88842
638638
358621
187340
600267
117393
271604
595284
917647
927267
534874
396183
636504
172135
899535
952745
451169
120227
752201
961320
861757
108892
880560
239188
444150
797206
686937
373463
599425
999564
4116
686827
77753
344616
160143
775165
889823
4271
759295
787633
841707
99699
199169
934762
806401
561019
464949
733414
873458
939572
86493
31871
636442
612963
953394
474977
624827
515645
178575
820205
939941
152064
20188
102284
562250
844467
208336
530521
869901
232553
189592
479405
506043
79133
585060
226075
149715
311800
793380
826203
280543
922288
709306
84398
830331
939797
395040
265435
27586
88078
776396
290986
878042
672682
15165
741097
83998
639658
789505
124972
410475
166321
528651
949258
82097
69778
777839
562107
874198
899555
655760
105408
638350
458270
396617
62834
348546
864620
163630
708202
839300
620124
599546
118987
137548
501481
968852
87175
491219
144820
331019
779086
522141
602672
321230
661178
572665
558890
436211
465470
777645
668870
407226
575416
488171
736478
658071
307248
123630
530350
110921
576459
797647
101754
866409
705947
263430
636398
687725
388613
881013
940812
611465
191728
227183
374623
822462
291187
152906
380800
975861
49127
281433
611350
794981
395619
961966
395753
279075
807777
332145
682354
314942
376064
348538
610867
429831
419029
551822
53345
313287
433652
475749
711841
227348
946074
842517
499672
857202
235311
509662
765604
274593
717211
270169
445687
92657
363429
386678
49679
639836
564723
15038
380532
34179
897738
187856
811874
950684
121073
110847
540913
791560
741649
173091
179557
791934
450687
918318
729575
698023
49810
417667
778075
422864
698820
175797
166825
87413
475354
903011
196667
576407
73964
440185
973511
474908
72629
245251
700814
583483
973567
925048
592160
667519
645160
280292
591650
437359
623030
73333
608627
616630
908256
459839
284083
116258
39713
30915
296715
319191
261318
177887
159228
292789
934901
596294
945343
231963
684924
310055
520302
816575
888175
307982
2696
565753
325924
429967
446170
418113
15651
381352
754127
927830
976832
115087
896525
303438
244771
288443
8220
206428
976539
187169
467764
662105
69076
83521
280957
631119
995237
675585
956641
715642
869572
361443
824671
942386
927068
824345
482067
559013
913043
798225
211653
264686
676460
797219
271045
386599
888009
537011
673014
534034
559504
158387
893885
685913
453510
596635
932703
58219
609821
479040
701721
560397
393915
297573
937067
673433
792735
501433
692847
597432
648184
500310
445809
792094
790448
546333
844478
896195
566267
958067
985883
412208
368413
474282
970091
132890
830109
829741
245516
743051
409112
566599
254998
602967
204001
372304
571972
233640
557985
108093
877806
381484
682845
689310
912552
906024
316692
118876
80711
11254
850748
562306
491259
798984
785488
825338
657255
36160
906504
510021
804998
88036
499938
442403
166176
30255
96587
867773
611452
874543
69907
602314
163924
127490
313570
250489
789778
233925
249435
957789
174732
13870
871402
983423
895865
533685
181735
159173
605054
252365
151223
125312
697326
467716
880127
84499
408390
389962
997554
486190
528058
718570
585115
798054
163918
493111
19889
83248
514839
959475
315604
114892
529063
638171
596265
100416
456273
516149
161910
706891
819907
973641
675358
853984
606282
169719
404616
291925
120381
857975
484028
82808
405491
815257
483058
616170
599707
204422
56000
341853
908396
997491
485821
599412
157492
38049
687003
255162
381968
431014
881009
645730
859078
568138
752609
855113
195617
977237
652050
647955
35892
180090
421120
990673
227452
995208
961433
266539
570933
763011
973086
343701
542777
781441
319583
635801
105053
947017
353069
934162
313338
973007
929416
73888
616803
305387
523423
488223
998541
124537
820704
958867
816770
889481
997557
122978
63656
340588
877880
387248
962726
231617
675075
711863
483319
556108
607738
192221
559021
265934
296891
753445
914826
822552
55961
436077
399507
978287
690974
957695
231817
391850
105170
372466
675913
123053
169901
572281
404729
850535
397363
733903
55629
94778
397123
615585
986397
505234
480226
18893
270758
843910
841491
267878
149608
148444
599852
449863
303079
197063
531980
354014
165242
386664
147683
4882
535133
321566
211123
530957
796671
465549
179294
866823
668420
418000
428840
297437
22283
509672
727847
331732
377433
21962
855232
974111
881530
639428
467808
66591
870500
708081
668589
791637
889999
615190
840017
700189
108765
551294
87066
690995
988844
842439
523945
571221
878883
744667
501728
62586
966793
631567
774154
101789
922826
279215
335855
826506
50829
694802
406765
157951
105918
481572
742239
709996
105888
331082
809073
581151
587088
716569
55532
721014
64071
191577
911383
343734
531079
508201
370931
457944
606346
276522
7939
669911
860823
895211
294134
686322
163802
233315
178255
435052
493330
435447
776506
267490
160825
132134
361047
605787
685547
153830
491816
981432
350448
31390
539028
978342
464355
756346
470056
101418
996306
313578
211524
868554
963404
573004
978304
374088
960844
44201
70810
926054
487522
33217
714277
296738
34409
186029
820810
203525
631292
798143
193374
878458
428815
387118
938083
492816
525398
461244
696720
770540
160612
319782
112258
431636
300960
225413
519421
874845
814729
362802
837905
566905
302379
571110
653737
343181
773452
872184
371808
729131
941837
65421
903266
80689
512246
862323
59252
796092
349166
77521
555736
719401
888987
835473
570955
236774
446507
588369
243427
941148
50772
683464
158227
506712
431565
106747
482350
467628
68665
455128
273412
783
784778
225754
582171
616606
49293
105520
25101
466958
767195
460375
183437
578809
125488
98458
307232
316252
12997
648750
889761
555474
645026
992422
884384
385511
17505
273722
671743
500278
906235
93572
162741
620914
111838
3924
35128
634145
773216
320022
696909
419875
966961
526953
769144
821527
926131
555198
132525
832337
946985
525831
633591
879297
509653
328796
164180
472766
502031
995799
151355
219228
28173
999682
899747
336811
386465
828765
631008
241947
126275
240524
951368
799235
548021
937387
866853
488835
711275
355731
464151
235153
716381
347352
542445
87498
74979
852679
383248
977184
380690
42847
316628
102863
345369
981450
971855
640889
411597
312757
235874
713573
484047
842308
937498
390695
576359
465223
844656
691961
274716
797931
380912
525153
606914
131463
286491
962764
747436
38531
946673
730028
986972
505498
829000
151674
195219
752911
510101
825298
565022
524170
939793
320856
730367
731395
108928
875142
185712
488992
819873
779688
282118
887019
267658
168303
56850
505661
331046
777290
425524
888001
985331
449268
645916
190083
157660
983244
163694
924522
162610
870937
800056
670509
744537
468496
709594
125293
792144
738537
392726
826448
972476
961532
71964
692713
528009
124488
856982
247734
434286
517974
826038
485357
474536
520992
118918
406057
486456
202559
71056
69545
125900
215241
182538
883156
913981
294789
38076
201115
767956
153675
635587
874234
535545
63675
744468
202079
756212
589298
418820
827178
285158
335201
47578
654708
921446
141178
243158
125334
371309
772148
426448
102644
376568
550568
255200
767498
888781
706712
888748
259042
27805
172584
947317
308708
442916
798088
34167
888070
205578
878170
642211
345076
337637
123812
721304
193661
181739
761739
931000
137664
732448
678125
406456
77682
398065
135622
932176
727089
973006
520713
77104
83131
51242
69523
37010
893401
488222
59249
581517
358697
50373
455198
376325
344431
516244
65451
287112
164140
79177
585838
806570
997009
716065
164886
386567
525346
737901
614487
543626
513177
593979
125516
513856
663994
897135
980588
780709
860087
486610
21629
713376
639532
861529
706929
294178
390704
411292
923196
854610
891516
604995
117820
821075
723652
271511
311656
946806
238922
340428
532734
612516
340468
481437
410576
762360
625474
891532
931199
165405
603745
297692
587210
329571
405490
310753
759063
477793
595334
507442
704865
136685
549066
650094
654721
536955
586840
208405
960598
890301
289879
52488
523657
551919
180044
190194
2819
685768
44228
503402
303984
204145
330563
827795
876044
273173
236378
76112
448991
975495
341233
706836
2249
437844
307250
734664
611462
245620
451167
642548
155602
597700
827773
452832
294059
837557
873701
873398
926682
359477
225226
181292
850601
813574
516731
284123
169321
446047
579280
251482
915570
688778
735225
865240
87917
357944
713057
457968
584400
426834
303889
976392
196276
298904
718851
703275
817533
109938
145052
638115
83948
173595
954130
433679
228821
707604
281723
185041
349599
578002
742616
294688
487054
647847
555702
976824
694242
900052
949419
174816
710716
640793
604692
417300
434457
132330
218023
377297
755372
607343
23902
35969
249904
866432
671501
155355
327603
859578
3089
802912
660243
895439
474703
303651
776326
573345
533979
432907
459170
643258
421954
300095
210472
776351
308509
854212
804701
439236
478631
548419
669386
96071
424880
536206
521594
433441
210367
51769
912599
42758
523050
304540
170528
333384
196752
817540
195482
835302
60020
36361
589111
667132
454963
16053
182611
735849
581006
539336
304475
882808
181931
197238
121787
410702
298963
242771
561327
381447
700100
551331
339589
846632
496067
576575
14130
332533
47080
404961
572829
152942
601359
522339
826010
110344
506985
363526
928199
346580
751414
285801
606856
240454
887295
229319
863007
244805
308410
331842
937325
953606
671558
721235
636039
917286
606913
857393
526113
810042
693870
175176
454668
186762
26409
172720
506630
376097
352868
644811
705407
68841
679122
131350
95034
468669
582772
572408
74214
812451
892553
56959
406810
272596
390876
429461
5186
997029
805750
751236
863779
174931
235553
22393
412219
738010
471638
314788
616110
840870
453444
259245
666977
974129
539342
820292
299921
624651
417457
584991
890278
407789
203372
953543
197480
664962
893385
522440
174526
567214
133390
331131
177676
696319
357152
158801
718008
417490
957218
131701
254794
472803
754836
435180
468142
233243
496164
476152
441921
609857
68815
498966
855427
458448
949764
759618
672289
362264
146145
809402
965725
613773
277635
973431
705138
302069
730365
407474
978142
399171
699546
319599
108740
893492
788398
714647
523741
562264
2637
168525
509576
259109
94801
863530
506581
723851
490003
316180
454498
438701
354367
750376
797697
505576
713330
906578
438900
147292
34152
467617
868551
739048
405171
527287
270596
74766
741341
428741
428075
80882
296839
526940
500614
38987
278140
215187
959750
95065
633517
128314
876016
377816
871198
69057
681070
133597
153816
139639
920374
922484
673911
561484
810570
160358
124993
545147
42507
351153
710484
543757
289260
962146
114528
889256
75407
354942
269539
120197
729253
536351
47794
391175
374973
589457
110280
89978
735122
175870
564115
575251
173874
847606
322426
112494
619616
617641
618258
77601
553685
165996
768461
704263
304160
662531
810907
217990
7242
532655
822047
697463
490259
113052
207153
950556
641156
326553
772951
958300
514788
842250
623959
86300
451736
402777
285847
615328
246088
216560
296257
57099
54718
886495
851438
65167
451056
439828
127213
276670
895839
26654
682823
314394
243432
827124
707562
118210
319214
873020
431120
555716
54031
94257
810374
438170
107970
492035
244633
74768
115646
634955
539711
519962
276425
232715
82528
678990
412892
695935
743522
736161
353891
642466
589073
486480
986798
726724
552364
95816
9508
713586
826122
854478
710321
671627
901238
804624
872452
448110
950694
189354
351720
820286
508063
408998
448363
559159
760088
464419
481929
410194
301047
958283
20104
420724
889147
356205
748232
349582
858852
69987
718526
963497
775330
216696
161894
957179
103708
236292
121109
526559
878349
261143
322736
768087
649402
643489
795898
328802
142477
382857
103155
830654
167013
870450
972710
193391
605041
163282
115003
933429
703221
556585
743146
363942
524408
635316
296779
641655
720766
854695
139603
722110
63047
989037
234053
755235
767942
99279
483692
784647
42835
963427
34410
205647
847818
771002
275483
871116
989464
111482
955392
30226
993900
923590
259502
302992
841688
618109
649361
791593
637617
3141
788555
71609
834318
285026
382848
215515
175837
928823
390904
425186
663729
729388
943771
581261
859263
966592
915689
649895
646937
97535
525263
167816
167177
539490
754019
619576
653457
371700
766689
354115
643905
422216
101882
489231
784245
167623
160609
679391
953024
665375
27979
878091
722307
900048
520013
625820
77340
110559
854756
514473
354217
143149
869923
498081
396863
876400
390006
394080
807285
926835
180551
822831
370568
615127
724755
289660
357024
327809
832442
313487
392715
212025
523560
821015
363275
80502
422751
170655
453358
68648
881857
354969
47877
508418
824868
604336
548705
14574
869469
656575
164825
171261
929446
738379
405676
685490
819322
966047
266674
189596
38511
692037
327246
809148
301044
219860
781100
481456
685139
540305
800798
693892
54366
758927
804844
775129
933313
568779
895716
928662
859782
78205
314294
753508
578820
620189
310284
362857
570038
494679
370216
714454
79306
526655
88171
33473
516678
394973
62761
364979
849090
957185
531656
531424
902548
447814
823130
119616
116990
510568
122678
959158
343075
317939
478103
598115
220605
737875
60338
269343
849994
776133
264853
790323
409311
772766
979554
566798
74844
530250
575682
795112
717016
801353
869447
521066
217017
662073
323975
996835
402821
115360
28735
33948
221181
405678
687367
192430
412775
850332
491562
261666
280901
157879
431244
36033
28693
628746
261233
780228
540820
198002
100895
319904
90570
367081
157384
340491
338790
12201
69322
63411
192473
65591
907091
254766
830890
927529
498700
987009
998787
664171
252151
109638
163066
367215
431358
81217
801919
599622
427793
500041
647216
195321
907451
345356
165415
909193
552347
949394
423280
440038
972381
161652
214955
347438
623812
284889
117824
215981
636948
641217
411443
397946
554817
846985
479932
456836
491751
95529
846042
963998
520800
285085
806297
72657
335850
981519
397113
813339
975365
571356
320120
840362
520121
60784
427235
819949
528382
52722
96732
790340
481424
325783
377999
472218
963562
156013
957649
423352
363929
338666
718213
930075
40518
542296
721514
256345
757196
747521
803935
138940
213810
720116
221191
204566
229445
866549
607883
924543
904623
508185
199075
335309
493778
19180
905391
886054
789920
405395
709601
695029
148836
659381
10236
367352
754582
234183
12596
688308
196603
60274
303453
6250
169015
349693
46642
418626
190114
112727
640433
362476
859660
963773
469451
780742
969958
4180
118646
982466
85135
378763
220375
608049
943354
43822
696124
225834
903882
22251
685217
809599
457762
412893
42297
297900
502000
561207
724351
321558
692144
170835
322174
836481
891328
705252
282976
294858
607825
696634
344880
553593
470362
289360
321857
639597
929576
987384
417747
140158
508823
63745
246410
341497
352253
194489
386067
602683
508770
247530
964262
526267
838842
716618
67996
441950
162594
348176
689690
307092
734330
27472
980123
329194
288030
141965
913256
869811
822082
378506
493722
108145
180687
403824
593251
143810
20546
413937
758361
401412
968280
637665
757389
579552
794862
172505
655811
251995
860081
793711
789839
872560
111371
958409
653020
685500
494844
419095
75978
952051
676183
868932
846310
599047
532839
529504
408617
662526
862151
576110
833961
664502
726560
655823
295831
289773
874210
45258
806915
402457
462969
438781
359211
254774
649887
60174
938345
503431
806589
348381
95424
923141
118076
867240
528799
97300
355003
504101
14740
804740
29555
724235
71235
162988
497802
216186
292224
44126
712733
56594
862375
789006
874683
657186
610721
786545
357888
509124
702411
82355
783120
770152
351270
182698
447826
632079
275536
963286
118262
274101
568226
683774
41045
692118
576205
756165
822393
154843
852695
127405
521039
816047
172943
774110
332478
294240
119401
775911
776571
800379
141535
559746
373099
504306
839376
855224
521722
811960
232655
407646
681952
985714
410470
616890
338505
239046
199217
524082
897210
158015
295060
866376
930940
292275
659636
745465
782496
841877
843609
438420
99175
585220
656606
919902
499843
855223
619507
110056
327201
667216
978478
384087
984326
255759
406060
596395
581399
52871
573505
454866
176550
260112
325840
306391
81727
623730
407138
294981
753033
749201
507385
963110
429949
75209
55745
636265
554807
44917
884041
432152
479869
393186
622037
362505
181791
974227
851171
331545
940361
304324
45910
644465
320783
479387
334562
351668
854542
143493
14818
31404
131465
118226
529923
737863
282383
208262
395059
622203
302234
279364
77618
695998
693373
336624
753908
575660
74669
437279
239494
978589
604260
359621
491054
615753
515308
895488
225730
594546
970121
516358
729739
719591
896953
575684
394065
996508
198068
388319
880315
764377
768342
550571
44264
421637
727708
452010
833056
455028
619614
139967
570550
338569
402115
854998
145408
18639
588511
844921
354038
102
70876
429093
88372
365628
285643
420382
933437
693291
380235
210909
809112
136525
44961
932947
386922
236815
25725
46091
883820
915062
756928
165571
70472
213413
96131
745655
547732
987768
900233
938488
116425
855471
942156
461447
997818
559071
687539
434985
850927
480805
377434
684348
48510
483069
752523
1393
854097
15596
411953
418256
154818
557038
343768
38280
849298
628804
379671
885777
523093
34493
50178
676618
601841
52635
754875
689093
589733
814328
219784
630892
266869
654505
583042
446571
496782
615563
739360
155689
931239
649129
665711
618367
233060
170408
969525
171370
866123
684106
301199
377383
980189
988849
896575
435344
574454
920786
78173
312898
201605
99462
155352
662749
327193
683894
682875
940948
755306
832974
730654
261849
59550
171224
625104
411055
948631
139526
867071
542511
128503
473200
9867
712965
957009
470128
668050
288972
139652
785448
277381
671958
523263
140654
511614
576534
706853
642080
338638
462787
780042
27687
639952
291600
320340
816216
436195
363880
120043
691520
871797
880063
882828
506345
655436
177445
344725
843933
778298
126522
571996
948688
354637
12653
518618
200561
284670
964696
433698
800294
625925
135549
341467
953522
698700
224596
414281
307334
78885
423413
511857
211372
502307
722377
581483
52687
67130
576751
553262
288353
126037
782261
455210
548999
687243
595702
210033
183707
766986
708525
637439
711163
921740
528364
436431
253475
114120
202770
629658
953765
823041
529155
459018
554281
119992
227923
724569
91471
39807
657141
422056
16889
326722
101028
53215
602824
797537
937984
645672
956810
219128
976402
374191
508348
291877
568682
466395
501972
695669
387559
831244
196434
394577
541515
691790
275260
354540
336761
102230
270477
715963
987289
538010
385670
294088
502310
701058
946300
523613
452022
210966
668733
371495
746766
292051
147047
208051
990402
937984
778977
388252
815620
867190
565846
156169
4346
562620
735466
620559
986529
200299
721632
186931
182460
821398
310746
997804
809306
448643
328747
234154
458913
162027
357208
684244
371302
434907
450892
959467
274235
695233
254814
153083
430794
359865
452821
13677
95935
68358
857647
652841
871391
71658
384048
417788
640694
277815
317714
808605
386137
660047
855681
514264
404096
962081
909685
513355
687995
547991
865592
236276
665520
399480
442140
926442
49381
53352
425647
871727
615359
936404
814975
531897
419043
777845
853563
114862
104821
962612
241365
350541
599047
312453
503847
593228
957418
495345
676521
102831
362228
531338
904841
618703
917408
28349
567961
71326
64096
953188
145500
184826
864495
923654
42624
948063
603809
56316
158013
19967
250583
584075
996944
608490
368358
583595
71986
840271
313029
835149
324382
765386
545287
321465
262694
718074
120038
65994
141979
643524
200867
213705
103880
982896
509183
410805
385165
502911
789621
664622
691059
106995
452190
489622
565219
23808
708792
92070
354237
543258
813350
826753
7556
126344
272553
286427
214195
803779
367334
767338
992431
789993
462307
545531
518621
922607
669224
463361
476177
941594
164142
43037
645620
293961
280659
915831
589897
83468
377662
18951
319246
766487
55955
57448
928044
154071
426938
707727
952116
334262
619029
135788
310841
343983
949272
12862
648926
475722
654730
564282
692974
58942
975916
615282
605806
632834
880550
209591
290548
99497
587434
238869
750189
543486
416660
656666
656700
39173
215017
697162
55744
157791
154286
70628
104051
249726
650818
65475
587501
400685
379384
88960
321307
312981
146097
642139
547836
459196
173331
927500
224902
962949
57046
816291
413856
819502
396197
787259
972285
472011
583216
618569
888975
479510
686111
635574
488906
676956
158971
973044
258377
688034
842362
505956
149458
74474
471423
22608
3844
495906
359570
122552
603768
316255
292277
584604
294819
799712
192877
879213
882756
95604
373536
814045
498236
915870
905471
581380
160646
913578
112980
296010
109471
25517
454148
60981
4577
31353
932874
913723
210311
647368
191788
34794
358795
668101
846902
184597
209194
299322
667850
551727
13365
521003
660288
927260
950351
90533
219323
92228
868921
925007
288289
929855
325356
374956
730885
950277
840810
727566
512265
159505
940577
12321
89796
879474
844520
680111
122389
781266
233768
828270
15477
106306
136534
898679
404574
432864
919072
827464
305845
914119
15017
2917
27948
647983
684544
948952
433743
841618
827951
70082
408347
400806
485087
213774
335174
422889
189298
43729
854043
605481
515396
184142
910799
662578
894328
660848
389679
935266
72112
679759
825117
564334
114125
801313
219306
314683
504531
137178
646951
2270
357280
724987
188049
653378
137934
97697
444436
938455
946138
509165
889056
735854
828667
726673
804738
209267
957655
715568
951704
48521
656448
415645
240799
234464
407703
443569
183182
35810
878036
237859
73598
118299
541533
63724
130022
695800
704727
558402
728983
10618
479055
553686
551182
926233
345639
165992
919997
745386
412314
576791
24265
393128
428213
420706
721260
520212
220263
520616
792867
449719
488074
727241
684286
877549
265653
515588
260878
635703
510654
963574
431096
920503
444755
97234
108342
49113
920940
658914
162653
390519
84907
482756
920298
739610
544041
389388
485463
456593
682265
905532
547615
990865
908196
838185
624663
236243
701263
455598
340338
764641
43929
43259
834618
242020
891691
117161
53399
736796
812456
349430
939526
858195
536776
642793
637290
234111
299563
67015
674327
794796
405223
298118
543679
857074
866130
905097
331754
158910
270137
636799
828354
501231
245701
11875
987889
549558
540534
673207
226327
590333
474534
207488
30187
199412
899555
928341
901652
354399
187201
889475
952941
225006
128178
210860
69794
489367
67162
220485
965783
329142
113891
639809
688887
285651
41758
947674
183752
849453
605969
4571
14419
74195
180976
53207
854868
189097
296752
710601
192970
584403
185284
37679
873807
776420
456348
687030
125368
404454
750600
507019
913555
867306
805823
591070
639201
46655
35204
723051
544275
130247
813569
13442
29169
481344
89767
473304
757006
40556
982065
284225
886510
383948
755437
286205
21850
431467
625474
693614
740855
261353
381680
367785
311471
591381
818681
615539
215084
722441
984396
720268
682865
96068
225733
684870
706439
518772
304492
861113
630972
843924
278693
669852
10138
29225
605685
927610
219193
170623
927892
758967
93491
343744
997961
154274
387635
19244
335001
148480
420023
188941
747596
177084
833575
162567
648353
826580
189526
338465
775549
285176
516897
830990
770313
650297
379172
567710
277916
170234
426197
779943
126610
139274
12291
678239
521248
531498
5369
212053
696612
754903
903317
481725
38666
768149
144218
504587
83005
721775
110517
670043
362964
892177
685906
576477
172643
138470
277070
10763
241155
675839
84674
375687
865694
525260
530501
322650
913621
475583
880132
556885
469482
959951
757060
71167
805883
976720
187024
399204
612699
80215
490514
558182
931899
267350
491590
53738
441245
756833
202708
515188
145437
873917
3462
893851
261139
185113
252606
810455
346349
726812
683092
29507
310217
958803
730342
269965
683973
646230
109470
103249
145483
645066
578054
632362
485844
348219
389628
187563
166014
613206
370618
511425
535127
942113
149216
911356
362559
227138
269470
324888
801071
730849
306758
978303
141926
996441
682044
7661
633891
221225
793194
589589
454659
429089
71929
694455
264805
237699
844707
150500
987035
307833
151705
986274
256220
451456
119075
515886
70635
353998
46818
494870
23345
901715
118962
673444
240552
597170
949404
59357
737787
361131
706458
228316
441390
513864
572991
253768
787465
706785
600915
893880
136321
552831
504202
632500
676233
646872
328449
794558
903051
779246
27711
202965
908332
860706
868711
495534
841657
600235
984791
261310
374579
473649
746722
247795
226178
345979
216582
188242
948135
52542
661023
922137
757373
416343
565539
372662
983028
208747
887272
589046
878453
714403
270372
427265
70415
464679
215306
358781
774706
550525
542041
499158
110777
918079
461066
607576
133591
841716
578826
674647
613557
972633
634528
236494
762055
68831
180177
628914
56961
592424
860247
470831
790467
6111
601900
145111
465931
515987
753076
817977
589867
666048
950762
759613
607577
517930
659667
307000
551004
216245
951054
981759
259914
189967
432323
947259
163524
336062
397525
245017
172978
431753
582087
827700
834638
336778
279866
154273
962481
496483
144915
13780
942180
226145
280731
848433
771069
65301
830308
272017
509992
355182
766026
987466
675848
673902
210200
609799
891834
416056
76647
318977
328524
618963
10325
654735
557419
736102
142712
969550
984353
436799
568174
955686
493994
840664
404186
630558
333183
538003
463529
365617
908587
441567
879779
504597
802086
688552
623040
75369
813387
391632
641715
420517
478870
153179
383641
962260
826492
885741
236151
736904
879357
662294
829331
689376
650626
526608
558217
494801
508898
507448
317967
679673
669879
84613
868132
139395
427972
488255
349989
419148
881237
533578
562921
557885
528326
464629
494893
167140
551060
947141
506498
756162
406509
528743
330940
944430
911770
544166
529429
823766
980303
590087
105555
436932
766526
538451
883026
230129
293828
980413
875085
610421
321701
207708
287393
502201
731609
137354
738474
731583
972468
920804
201906
145279
62392
241622
32959
98144
118361
122947
248126
720864
108291
347932
822828
855236
454222
815366
686397
716999
191647
389696
884800
590700
492258
49044
976072
637587
500041
520676
389692
3067
271218
466043
111084
934963
585520
185777
220678
4784
373720
968189
989756
789734
87748
472727
422573
576542
457814
421730
613856
365305
319686
769333
815908
385309
656299
519547
223761
678211
49466
353434
320121
774954
794620
188808
37199
380197
739212
538883
20210
866647
180399
385186
786869
801414
658877
763545
254594
106709
547311
111848
40498
946387
49681
711226
412294
432643
363595
167918
157149
556
810589
792761
164856
540142
210404
866081
794730
950850
528527
853546
69379
942300
520264
69066
80710
905377
378024
528223
225922
317754
664257
975620
600177
787590
442664
84719
450994
299237
482210
639045
416699
20900
984469
550368
886437
167015
294299
380555
651828
245540
467451
155515
223838
466312
281389
708595
825124
646746
137201
353510
601325
620167
542669
34783
108732
685655
434126
320639
547342
716244
822402
963301
987651
197160
143347
175232
286083
920517
589629
92526
936847
198880
786661
631052
442699
771210
819251
963055
933886
526343
407652
434635
368141
636624
639340
329447
102855
381646
52315
772919
413470
454504
331706
610505
347947
117945
600069
39599
330931
79381
552641
758555
156573
80501
532119
661178
623609
711819
900462
271999
591539
537156
137028
89991
633583
28067
622970
801813
281683
833810
424601
173580
298511
485747
618253
904509
741838
932623
109315
254654
918252
893818
364842
609103
198997
447694
2336
156962
1095
928051
979770
259586
702270
951163
11519
272677
544588
634494
880537
47057
808288
376951
54579
532793
474922
194477
701854
121447
481799
130783
851084
873535
161855
524888
466556
502937
539495
50639
954034
972792
954289
964298
639876
112298
708962
178039
946952
988707
837789
232613
15158
244746
626097
161265
725049
173221
848713
918415
541842
928276
123091
801108
702276
946827
4617
725265
979008
986659
842721
796625
284890
114481
653398
269470
681212
461509
480613
179414
715293
689495
301720
956669
653289
303926
977455
530273
63946
952760
802628
58597
481717
158830
106084
663770
555870
332631
736350
984498
1514
538420
759829
477094
203643
4718
570591
85918
659029
111846
238265
91954
426452
413392
756985
728896
696227
765061
589657
707193
603398
443249
30887
893318
381067
172289
594827
152296
589713
827495
88876
38600
664269
151175
107329
995446
708121
53321
521715
355127
81846
207004
625198
375507
805633
147787
799147
835132
504575
964056
286788
960183
747267
755501
851630
535397
326397
441087
837924
316977
564425
843409
882238
139756
508449
939721
593345
239945
300811
438066
374945
340048
896063
156225
850560
732297
940793
604637
269272
689361
616774
801902
873658
978103
673146
945785
388310
549706
639565
585890
805132
952911
439422
133747
527594
976877
602802
20238
9007
775954
586174
108114
834456
304769
145329
180737
423325
871790
115969
494217
928820
324091
341311
900094
260968
696572
533847
340016
683736
452640
327919
864258
510868
989273
366425
876880
706342
814843
516045
541155
126075
3512
964212
320534
338840
100832
518928
829921
530846
185086
850107
294991
530057
585390
309309
816221
444339
322597
466269
289762
424669
138630
37028
167345
497958
227623
78637
248317
70079
456627
486517
240438
686880
823053
56492
909758
94372
392605
8194
299482
955382
292564
981423
639712
254100
697490
356703
57481
721062
780405
713371
991747
296663
55242
345738
792349
939672
703454
547785
778378
903754
584240
581406
54333
293574
20247
902996
58230
664979
500266
569936
439271
504593
25374
635208
932763
642858
888339
8255
21323
171302
529679
564879
517754
411317
298001
349334
395765
838724
607721
407760
167939
538430
163395
579155
633303
190139
222177
288312
680123
704942
175764
55008
323992
883820
379959
868294
412183
430633
549288
49265
261172
170941
887879
842458
328731
194215
356169
76149
567443
63788
176309
203527
777220
626972
116432
937260
832545
313664
711741
156382
882597
955616
281666
509791
762269
965520
319816
3482
57069
477886
544361
293890
539281
855472
65926
415661
462724
923423
767656
931587
468207
396483
499903
402885
285580
60171
509279
398503
628029
353684
118178
162653
580521
372827
265317
102773
333648
118412
869876
247000
108039
228810
90190
910129
189031
284769
957226
470507
724005
927432
484996
953067
172954
893273
508818
645754
568337
845165
772442
401506
918562
882598
115637
995154
979894
632169
389101
36923
651083
171686
642576
403878
511507
597140
217327
427148
450259
737078
30045
170169
968071
702882
469398
233451
564214
688236
670205
872394
348337
53426
117347
119897
859834
558575
960548
494095
702525
856831
882200
774254
259354
5928
573235
862426
349213
373819
606874
413898
590422
66022
666170
384925
345564
471866
639666
877839
518010
687177
171067
595346
574461
185954
608253
649169
153713
486498
579345
326977
788461
63261
183247
121562
73851
637335
997813
969445
806525
466584
698654
592922
944624
442569
318379
916547
802833
73281
152749
351688
521491
686517
731640
233390
358547
918140
177908
620587
198598
466158
517519
854976
997623
718377
31555
768928
267974
756007
840884
773294
316441
501399
418781
886041
852241
966167
489150
22826
411669
496141
645128
563462
119019
594141
14655
454292
726187
789552
783690
738000
672447
909790
320397
473935
166783
20632
444532
416082
845007
811554
689383
304792
339045
283144
261543
364932
613828
332151
546234
704509
108294
786260
328895
468075
270036
578905
832909
100619
486165
754521
690163
418766
311659
317511
936510
95979
828086
8123
533535
112737
280367
639229
870941
156378
593247
539487
257919
523554
820896
894493
170172
790441
977951
937680
64025
691759
575807
939285
20880
486875
494097
346520
276745
961440
449978
300730
973790
37715
734403
68183
677021
303345
537539
436621
590923
11863
275050
707484
248015
274261
881902
624601
426566
310405
242808
172245
466639
892075
197756
425643
913290
220584
672902
771579
665966
512635
838363
149825
528349
464155
870665
355432
739827
132965
333448
332270
531021
617533
611671
34753
555771
788055
484240
741061
646894
143222
238177
204222
989655
83260
685146
390786
252721
29558
497735
161575
797054
626956
832847
8690
798533
51107
710752
156732
319184
457756
924721
665319
781399
253530
462148
355187
588103
84776
727973
550501
538118
605414
754490
13483
190564
283133
290
650954
744160
317959
430606
60633
354950
146674
152497
385369
811202
881314
930504
87541
144959
990637
478611
443177
869238
173054
733645
6640
624641
632554
273480
684664
63947
852353
604965
812450
255486
645332
384225
632470
498853
77227
655653
664145
958665
137641
411783
91813
347708
279795
813835
331569
46996
36974
465426
753798
372879
459100
376169
402700
470644
102219
77265
18568
566210
391985
509536
315837
690165
109433
168493
213436
671505
720441
390643
73100
161893
975204
385629
541514
537904
136776
462572
349771
827297
247416
572789
355840
512284
543958
691808
888982
188096
769798
676531
342847
177163
3192
374451
784928
164605
64548
676489
113534
228965
705372
750080
82729
86635
158666
779579
304860
272164
876465
217147
800214
536995
209963
226736
668816
883436
374529
422873
184716
160218
739325
238012
33689
948819
354710
675232
462111
730759
617355
861762
342757
970075
785006
457226
479783
560983
49839
70174
189614
643039
394451
980742
854980
521423
668310
563003
226160
629607
360735
58830
31214
618239
228735
541029
595803
992032
535025
80650
722387
570614
826978
878074
645503
995846
515611
91925
278710
375219
499652
6383
889598
509691
618923
791366
4085
403500
34083
260117
222062
173183
575886
504327
657727
957968
581741
451464
88717
974546
407477
353388
57359
100092
815000
215480
641322
848467
41250
38639
567643
267254
975532
514104
524149
735494
689065
70215
236963
609918
472165
647992
359826
293083
681218
40170
999302
344970
289744
550633
778294
706691
141513
142465
702594
643384
39709
210367
21703
921854
631609
957274
653755
505458
60423
354772
153972
941990
48020
469356
664293
370541
300476
334960
689115
559398
800939
658131
549293
109052
74611
494406
550211
297944
353453
265580
309931
9542
36299
853637
20697
522065
192014
692834
515680
915357
349078
592783
852033
740492
940907
861423
666581
962196
467287
389216
284846
897811
558094
614723
884470
578236
427019
495020
944462
655159
953446
473324
889194
556528
230549
407279
295865
413430
819194
576496
48849
315698
400896
389094
557253
320928
687184
584224
316248
62139
96542
798934
467793
20050
287781
560021
216649
139115
544180
418644
102935
223366
920406
995515
671642
694503
986358
74058
952836
225377
559777
261609
180945
991915
36785
2856
714812
521071
227250
15291
440156
79318
37866
91441
252717
819932
863737
401370
556788
235087
28753
427874
951770
934671
484242
48327
912197
511798
801907
617766
326965
742679
372261
252012
909069
932616
195593
267015
697253
899985
653293
423287
122846
971485
94965
99961
139288
314451
35429
26171
864525
534435
669353
135883
170238
22449
928004
285352
153196
189338
980071
185402
661248
645935
958459
694715
122888
262060
72791
967900
324417
994652
411190
417856
148655
426281
615549
387682
83842
900418
848469
812686
368904
425805
64813
263062
662328
317204
538727
861456
368393
973209
985580
792445
851473
194203
975306
289501
265563
299872
944813
861862
890025
885180
241745
901467
237136
953787
213059
584435
904555
497658
501031
588948
161050
671495
963722
861600
463298
975071
508836
13832
382450
495352
898825
250445
90429
349704
401711
700860
644776
642453
653070
168744
939217
709619
336548
651065
759897
862412
554944
592551
954810
872344
163961
91988
79674
849281
182611
30091
737075
891234
65495
685719
859070
777721
152260
462915
81951
957197
854957
785548
721536
485977
748401
271106
627700
849969
446258
256222
106634
960010
781060
384767
501966
995406
94364
42517
765336
66047
213819
573225
428549
768136
955989
554783
840657
58117
295951
734727
778974
237062
964755
915188
818963
68778
929271
263106
565057
626583
226541
494036
133158
42505
673966
233134
57847
681491
575591
987518
174930
909363
618478
469189
252779
973339
566914
768587
890350
379567
182225
12778
400680
130558
999219
326276
365161
392953
339216
633503
467399
509867
613932
745218
62646
660066
473818
667720
910593
931605
781938
595506
204915
861344
809430
583590
871997
179794
315675
804529
490221
461070
380325
238292
429364
777727
45746
404249
96323
750525
668283
427866
393215
118763
772599
147713
712338
383138
438920
709837
46358
555495
727425
128049
467931
863558
885670
628031
295415
22989
636217
56986
525115
225075
387834
165595
346411
842037
531694
806944
921244
400040
838507
740356
286578
6327
343379
41502
456028
424065
200567
234535
782861
666501
317508
538741
978183
487939
238998
196856
35646
599622
237247
604456
679085
391988
35266
693198
820088
398924
491905
11702
954913
14090
350899
545213
3174
616615
529942
859366
523725
505512
614256
794344
268859
71260
554185
478403
408933
654239
735048
919526
378331
420505
31705
850460
14305
59169
195766
422856
293395
104511
511449
692965
383904
356082
556517
196005
16835
99626
963684
860493
635495
927848
337023
714372
41206
347338
445335
470740
223286
11740
685189
512364
246377
772147
996800
148991
208017
278444
459188
212320
758290
220416
601721
892888
287938
137237
720311
220893
600124
405192
115344
927203
419043
864426
600602
511072
535473
483857
520311
995805
858599
825452
358442
672582
264248
846696
363239
339550
355631
597786
748004
219025
13433
972075
41197
583098
90252
352031
897034
433619
534338
116054
459326
59626
200100
422791
38721
371386
381662
460191
480840
281254
15023
492532
276741
845485
15351
155671
137809
698969
400398
606743
249803
536687
265703
486131
917899
737342
457810
544834
269674
980851
441893
861511
914398
46280
42565
364456
430279
301716
593771
984656
359124
520401
736021
349836
87036
281950
13077
639565
280464
702728
431507
306923
73455
858633
559479
152247
177662
187736
659001
30223
59983
564870
699334
458718
937932
976830
481482
92383
88474
180936
646286
98006
499996
89142
92471
71387
541948
589690
54912
379984
993551
702794
684775
604105
531656
439315
106889
721362
778150
613495
338688
887871
715984
996339
972205
484922
68304
135947
845880
82184
229995
347615
612905
511058
980786
210350
505952
994231
17099
826797
379069
186302
344090
118998
24930
965467
437971
766326
557560
653638
553816
487352
222854
905762
697113
617549
470785
838597
910371
709849
951915
580532
396884
204665
795053
763976
123172
221531
505852
121931
351346
631814
955143
863080
615363
550818
806372
650662
848653
165285
401335
398797
615243
9086
676161
912577
785632
83336
49915
463486
41061
727340
59153
200843
306827
884201
831596
681811
258930
374279
21143
61235
339804
649829
181397
485159
683468
502659
41493
546058
39642
27115
328951
480942
414551
219371
976075
207657
11035
522682
80987
412137
101751
710411
65108
625460
155677
797130
684146
687379
690795
292177
427610
215998
613396
175465
286184
518238
135479
734768
579558
605953
438309
161738
828832
908120
627998
58112
295987
128906
790663
314772
963738
923823
79891
200194
163567
817177
980280
569249
373415
324369
382316
531597
891823
277720
176211
222601
335637
616008
313196
846640
963987
135523
272168
887204
481293
284810
908640
717252
750947
887724
390969
35279
220208
856548
945090
630659
790680
759574
569056
124603
227198
524134
833913
140965
924515
153663
630383
986115
730372
279952
800989
75089
341761
800935
113448
750627
560719
619869
948543
270640
860155
113179
192630
165461
706315
126460
787835
463834
594852
459990
373920
413073
879767
55751
900816
45074
822695
831207
111107
201280
112738
120880
286079
476411
760526
795480
708309
167791
756837
171734
139169
629138
228413
602539
594231
689546
375947
64049
67273
460907
72895
135353
332252
982815
229732
687305
715521
140469
246599
850186
847541
274955
659739
629016
770134
101128
452083
832252
758507
978464
272551
90469
766276
738551
873448
151691
203100
666108
698508
605674
63182
141788
793706
893814
97325
178556
742156
325801
384061
329265
465010
151966
388824
84752
652067
827546
179533
410356
944036
654802
676746
719617
304293
255929
169225
585148
262627
295555
500270
158387
635605
827198
279214
205052
134726
9174
139172
123641
157287
202725
905909
107969
588177
137488
347143
878617
941030
787138
710273
749510
325479
946734
990908
876717
708588
596157
21285
840312
421439
607279
983278
514387
320884
678684
867412
267695
357768
184733
992282
134269
292409
569669
855994
186441
418847
677062
994616
663245
808470
123332
404355
973609
756913
21331
202670
735541
624151
652337
946157
296820
844382
332294
621679
36495
217528
565065
286267
458015
927675
749975
188085
520501
937822
268521
646033
74560
823815
616009
634114
225842
646375
331267
56073
154865
680396
79814
481229
551752
24679
491158
365171
615210
454894
946656
465838
691238
414007
951422
465807
802093
593160
602376
201245
628022
257299
177362
526145
735123
505169
414368
954378
838803
367610
286708
401312
907263
761482
343205
661733
533245
49311
154378
563374
362925
168221
945844
105323
348087
759215
843010
415492
325945
188952
861046
937896
15659
611176
703642
272583
4411
660166
921062
387809
251164
259338
598396
29665
304539
673552
403296
473723
684630
288020
750535
347069
237760
114426
118829
888304
523216
678152
718895
501573
78835
677982
950302
123706
857180
900839
658099
218397
321251
322030
29032
836389
645717
625415
336016
290264
660869
939489
538478
693256
886468
978255
453305
880860
841042
599071
987804
989119
261518
291287
709005
840221
353647
260628
236016
157611
209828
76657
773593
700767
256214
577383
449794
553902
232155
847498
792375
861169
511409
81820
755925
71063
870105
301974
858715
570805
125249
101746
747085
53643
763682
360749
286073
875312
155926
290202
99591
285227
423779
909822
854043
280892
981280
595768
612228
790144
485577
87372
481892
778400
740706
150196
540669
866925
723216
676283
66511
524084
573717
951606
564157
327374
448700
965025
100547
539785
934549
337140
264853
829578
976078
211846
811029
171058
120055
570941
64628
731777
120949
765005
163057
127834
631809
233560
605983
847162
567983
682992
13628
7624
853721
107198
964653
919830
760289
695722
13305
433542
971055
935921
902436
341825
460687
560564
801835
748420
954604
643418
939504
939616
133685
976295
262875
157104
805122
567010
621806
452927
459070
915144
438643
5331
318957
582110
604133
674228
176596
581668
245422
175339
186168
402344
297822
124757
309813
337815
580499
603889
92646
79483
507663
187035
715123
450796
827011
707677
105209
705659
278461
785874
219988
324484
526800
945639
114455
727890
950345
217429
98763
251975
568947
563136
720248
632548
521545
516293
432866
734403
209157
37810
356690
308024
170900
928934
161317
38833
691688
626481
767319
551213
383419
398142
862131
967467
402074
380953
819873
834274
965024
65170
936470
242794
213301
648878
751885
771194
294859
349543
70008
604217
269171
748717
371509
816465
744511
217841
879094
813301
124354
548415
80870
802954
429275
69422
410234
25103
796683
815866
281906
618330
943456
998735
929488
401877
732843
580156
893212
366763
333443
490473
91239
844008
366904
623744
410934
894302
164287
673890
163688
159490
144787
311353
167956
972939
295660
944204
964550
597260
211273
328932
935881
343024
870023
690636
682059
689422
648726
302882
978353
25260
358716
844771
452909
882569
611824
372247
181756
950369
906860
655360
695719
280107
960252
258010
116377
966251
604270
797303
584774
998797
829253
280992
3436
871913
290540
595647
618039
327852
608391
459294
542338
399792
89561
461941
17429
231835
319637
499453
915917
90016
273343
216396
709763
885876
52109
1374
653711
851038
458330
95102
595171
989715
812462
174600
903909
183501
591550
943351
503974
961896
340258
213606
733691
145689
902167
853219
840451
948130
283421
293306
56055
503474
7400
418373
68945
947626
714728
480007
37632
954919
894050
970435
154665
538275
964539
558987
734365
974000
577102
389560
605529
559104
889571
423750
973373
859128
242251
500249
660047
113878
17423
112284
508333
675233
167142
302705
863033
407987
484767
35197
430187
937027
285764
988193
593369
333536
687318
109544
279223
257271
461535
405619
162193
796808
747310
384492
19800
471537
569330
272636
81127
63341
518533
188848
414480
885112
38082
472921
411963
754232
737394
703422
269609
582101
882900
57055
41145
233745
122695
10354
716826
658115
98462
397836
707624
309485
740947
230259
615087
865549
656672
114362
739070
452021
418233
692120
40857
879438
82096
827547
694861
124153
380760
642041
68941
535093
852791
664313
713062
489255
865215
652557
917795
703035
977081
665473
772585
836362
594022
257228
343107
524654
556249
236030
902713
781275
422940
949091
167436
723066
250792
995094
305526
713994
551874
876567
304352
506508
718228
394941
359535
582815
151211
594242
29685
931284
73912
294427
145307
315369
963879
470798
922555
454922
184110
590615
909777
850100
365105
810480
455082
250568
954073
845520
135567
635078
256112
491075
713299
945120
989246
704110
795117
512747
7240
29986
659783
663679
910554
384194
557137
452608
816326
371912
383327
912962
234688
844271
80323
39199
658506
48796
383597
701049
638313
967629
805115
713375
95224
887008
386520
875140
176221
433106
745097
749273
212320
579008
415095
301270
492437
417084
437881
88915
654374
645028
593545
460021
704918
485411
970086
480501
867759
161851
582078
524278
584470
429088
209
53474
897001
969655
978301
170361
984302
746776
532532
409830
618890
748642
696518
413527
590371
189570
889610
237021
104598
573863
501588
452164
325062
145533
634206
630995
941541
490844
919667
344482
11600
245462
876777
832001
896958
609982
59497
635867
232830
853542
614156
874998
3880
165829
890777
98851
822687
519188
85855
560386
285023
482922
496446
757212
93548
773884
297068
172629
748256
751217
873299
5171
237703
152425
82134
699564
638261
576234
990407
539685
972629
518609
278723
264461
783296
332028
712395
403823
597630
922226
763208
342428
225603
690301
33041
698972
356576
235265
612260
669142
611357
915508
926710
32957
725336
390006
956959
843967
423019
738251
32362
715228
383927
399517
281878
125043
795092
965069
816628
879134
20552
510475
334901
557166
109805
353035
468684
388171
721567
691437
880873
133270
482249
896285
639466
971540
272461
879312
626800
836070
214552
765670
459021
114700
263979
701228
710007
765120
498599
766703
426061
895530
594649
115062
196229
596078
44952
103324
288390
325637
99607
111392
776803
829858
742606
726506
541871
100521
591935
274301
762758
597036
953913
495063
545416
691722
724035
557902
7484
621424
479901
861689
942485
168059
328807
148519
760896
903340
56868
804514
789716
371527
450636
903710
14078
433272
723682
547722
787791
469424
251075
161954
774469
657975
688458
188963
20545
274342
746403
589428
281200
734172
849080
406598
9619
93966
916072
902191
572091
994711
794327
412009
506402
269147
424273
643677
681925
577252
367119
596461
890179
977166
575415
403502
410026
252138
776987
499592
399665
961569
219437
999906
646020
821309
228279
917331
172774
362645
736215
88241
6104
475190
736948
26948
342320
147262
467508
801454
128682
197299
34372
617079
804207
263765
541054
820050
664161
45099
273517
659762
437795
260082
84984
794505
393461
654788
239536
199451
434750
492126
257147
402700
641207
442439
404902
810088
138781
517130
358833
316379
609764
231669
531519
815764
970637
227734
74489
749623
817122
611489
690346
529317
533910
272140
436612
906309
752955
126440
607370
802495
987283
820571
381845
456676
811410
138187
640860
576105
921243
439496
611528
209409
854819
351481
714910
523580
195392
336832
24680
326915
201657
336009
339199
204432
356068
659044
814598
615309
235833
511850
76856
792740
752841
218004
223414
908923
786134
52738
507147
488486
235219
473230
929302
619126
181627
298541
887430
367609
86403
528212
830721
320613
876831
343480
365209
110725
880933
722758
691236
120271
321297
269155
234504
89805
414184
772172
378289
267878
182089
966988
749223
111913
864100
231029
420867
984098
407917
920170
403308
919477
945000
910077
867292
880652
563881
37603
67683
4268
732427
104131
508718
508136
652060
372133
361959
15402
255009
803719
507747
6626
335243
176017
121904
43001
182167
921893
141166
647032
569283
688588
583068
719032
900845
614382
58918
991912
703821
783006
215736
164268
95253
582313
142077
920499
998004
785622
36729
49928
295064
897201
60946
988674
356763
193742
657674
944397
254489
583913
797240
772811
718246
51213
501430
435839
552060
677252
618108
608045
487681
649209
670270
559626
933463
985490
482679
137099
50202
570614
628168
572600
921155
563857
313701
482836
316631
304095
939874
930624
446226
887101
351666
817025
728178
229592
205034
156475
881188
335420
146092
704495
820562
433186
655370
496670
965705
719521
759343
137764
91690
322649
84082
201771
154831
752458
325822
302881
230643
978158
695246
693759
100680
912676
343412
948037
857252
706184
670242
434415
883174
57924
25320
745533
513736
524931
874883
540090
356299
597340
185847
774563
100993
463293
439201
194569
244610
536496
952715
519394
524162
834298
697373
740407
591805
223890
265355
194411
985778
291854
511490
829063
917401
75919
253170
13102
524696
38867
550343
680029
568811
756518
573158
995801
444913
439526
226924
468696
28619
549363
593780
730170
275300
990545
414545
761753
484806
488318
186983
506879
184421
178473
38377
633572
455284
40304
352848
742770
60686
136394
520911
423400
999573
397745
658551
806892
106429
108608
710721
947285
942565
491717
233907
73525
498922
473172
778010
131506
700472
309409
645822
826908
520835
615841
307264
406366
994221
665739
930804
477427
938420
280783
637042
798816
516200
428173
990198
537987
369607
772584
680888
634099
995457
91798
870445
687492
378169
380398
58907
17627
726758
450981
685842
981393
476873
398442
372964
174418
485539
114098
1937
499583
98245
600032
601860
623458
583995
817150
311105
196195
155062
738501
52993
453638
366210
69086
976444
828555
747150
811612
8294
863295
290222
572082
80630
593800
749916
932610
406043
840397
732383
737646
541331
122904
819631
194824
79375
439933
581523
127717
946880
630257
296040
682663
902940
970967
218633
10655
743279
259413
718781
544899
940900
342632
484871
275526
768075
582651
256222
338908
556153
175453
415533
301234
945867
34737
300620
27212
752188
571182
919962
679232
579513
264284
276136
966625
551440
422429
302942
604588
906111
769598
924302
645907
949006
172890
596629
643745
635894
970568
235009
445460
918210
218331
121510
722478
382650
616178
526816
671513
444906
542053
10698
729959
401299
387408
370132
304387
71535
40007
678968
599392
145839
820070
488848
840512
899915
305815
675073
770996
353229
993978
591534
941389
209776
954870
315372
97198
145449
129165
448653
599261
906964
406939
226259
710695
573232
382689
265248
226395
491905
342008
682832
94708
995125
8631
291485
763168
350700
640358
436204
799858
822226
648335
255655
169737
626989
231451
878580
753582
630398
821628
282019
894968
389471
510525
822847
200454
950132
872805
663993
683584
679865
229072
609631
227365
761832
256037
808301
915347
489494
810860
650054
616501
802396
1077
586169
556983
37339
927572
843900
277496
521570
924148
981957
246429
498130
897840
266543
530824
54960
879053
735399
578859
758341
524537
641292
814636
903539
741853
428712
806772
50161
89827
863311
536175
688538
598139
390172
749244
407840
245614
871905
299890
361280
596023
522781
644240
427794
843262
454350
368401
773098
373458
323671
859775
728104
940633
791158
149138
883772
773025
685590
260395
218367
965011
957713
439373
281245
277548
248018
43762
362751
735062
529064
796306
454936
463147
264762
943580
732229
309828
245096
754962
561056
325443
284926
445459
553157
348129
982138
548413
263247
46035
578847
129328
701178
868366
831070
831244
612248
250839
936844
341170
277802
809031
923128
83722
138347
425712
12254
904728
65173
154250
187572
902675
985429
217790
799820
372587
293321
361722
748815
679549
256517
575351
40579
406954
176297
251300
228081
321984
637852
127125
944146
978796
615866
62157
762946
216358
181530
241464
511807
134123
555715
52896
568484
665307
875856
463260
410971
685358
898046
987975
526684
295074
58556
200138
339994
906088
978050
685149
822961
256690
757706
995192
782585
265062
25328
934210
159797
385527
540669
104666
943775
389135
717218
402241
74842
191778
719193
742229
960523
853636
509404
607949
464547
607593
553129
244445
762020
870879
891618
720543
734505
574217
19746
722762
966325
43325
978674
928029
738041
234854
648801
444347
896391
109249
402
265312
893342
366272
635076
654166
551637
433427
590301
160319
908533
890361
860730
941912
704782
574439
988335
52187
10685
740653
556959
244567
419999
684198
113712
638451
362041
737952
985124
189633
200813
901034
684454
515769
941352
463197
639789
29582
318723
639025
963753
542606
223140
311174
575902
3357
29356
271372
781748
671132
846565
364656
337968
698677
846671
64344
819775
491007
395742
533506
524305
778086
49047
429595
829892
931412
140599
498769
747406
45501
895721
582420
868306
727076
293851
742803
259250
403257
25165
32791
87223
542658
664791
353923
215397
316514
542460
457181
864931
235437
453336
888559
563837
569128
629427
449178
513819
428630
670646
439030
499365
409102
715717
363037
916674
583818
893068
238238
556531
831843
128962
402088
357546
385244
921143
922178
710302
860299
631941
130640
701703
592912
648294
269397
607453
457060
543104
259782
92791
830823
985578
555632
77945
140833
193745
480445
966266
782327
509404
216020
154679
310483
487816
440146
573764
714926
745901
166958
77432
368677
51462
960162
959298
482664
358039
47680
836125
444449
441141
939813
321543
769637
435938
985663
50305
633291
71068
287658
563533
198188
644943
213483
617215
222727
252097
54808
667980
62186
75171
115090
726840
163643
566897
50988
741015
718537
875877
485305
313746
434907
467338
380105
575359
98213
831743
18969
609183
649755
804327
29992
302936
891780
747080
53723
611293
632743
121055
306638
871906
604981
664140
805566
718372
793357
799585
734049
346243
442549
6485
628735
429907
808925
64
994984
479690
564216
857850
271071
101439
238708
67842
73466
665044
566246
510204
844461
374623
241198
384353
558799
659757
266671
310349
391140
173541
259652
78648
214130
645837
477778
800399
714855
301437
563004
603152
239900
664253
323087
305538
296133
186691
80676
109751
691046
179170
541705
605468
354200
765761
90180
170759
957480
463402
442619
418571
787524
959850
422224
305942
842785
27754
858092
446338
825829
153150
859378
241728
383210
443221
121632
765477
518917
191783
71507
736835
542890
111208
243305
417936
944419
990740
991427
802157
844437
125580
971435
790680
72196
459462
950631
850198
31674
728332
538449
533269
449193
174888
858893
52470
323584
331466
937428
936774
469804
208834
172068
241410
467696
116841
115481
697777
112347
454099
676668
516673
628169
97770
439947
576624
87479
723325
213245
103124
77406
705244
175729
521445
708822
586066
360923
176649
519481
514326
456702
386588
327479
49498
802367
738439
825430
101861
499752
378706
976040
426413
705911
843847
41630
776382
397797
287272
628803
453632
491792
237302
12944
559383
784079
793111
656374
296323
617294
845221
985939
601952
479272
840353
395161
507885
227457
129097
8527
406740
666965
882537
344338
188367
642448
358158
387741
668580
801903
498508
850848
694100
289300
726860
134920
316047
549085
420926
188321
755940
702984
473176
72901
243419
528105
529432
795169
543546
294029
223829
236254
552090
281823
260103
803897
861295
817599
249101
732689
81450
665124
923872
667762
715441
138074
920979
369728
831434
643669
806211
736878
73871
999612
805454
44043
289858
492990
153600
35889
339216
869148
543781
87290
967814
935778
837191
519076
605692
577637
883988
414369
893637
496633
202973
705521
334595
826371
802081
128655
89133
934590
800023
49845
659740
942616
950258
495033
805327
114399
844956
689271
542969
739885
885278
253799
940623
960625
845271
151293
383289
144298
277974
587826
16844
2727
469838
984842
401538
119547
37309
735806
165527
843784
637114
916656
952545
947422
178099
129829
30311
674749
598109
276538
389620
670809
165070
305722
266829
906712
967587
573315
510415
106012
110086
325294
884853
223520
966531
421469
938719
668375
458033
153495
9156
996449
403880
352808
911575
303624
253406
624056
795107
968245
383236
792710
236759
27119
386775
401874
601099
695620
725829
189495
22694
195248
39027
899507
537513
995336
48761
459124
600237
839427
307024
903528
995961
217343
309546
5610
770572
945783
468424
279738
715074
480218
428497
594446
691074
707940
490146
52105
925454
340251
869057
411897
382779
607701
204223
328882
621494
111980
927802
769440
454403
675775
44306
26806
480084
39642
304160
904077
360354
455178
91791
79402
954957
548179
494216
100236
208183
492228
156862
214383
320677
354116
470850
184739
819023
346745
183905
872517
419648
237265
726826
561177
563529
450927
897907
680914
242212
260578
172758
755545
435560
334221
354247
855086
20243
710568
255708
935379
175914
847264
896627
912557
476352
842551
956693
707874
255543
584593
427243
465872
78396
185186
459162
895730
587755
136715
250377
582864
244856
658210
754864
549578
164810
853488
928911
797705
93907
630073
396026
729668
784104
387871
629907
69110
334245
395729
963259
998420
281253
146253
56890
744630
499371
916574
764787
417246
694509
146266
526453
653990
605872
76593
723901
847169
659735
202252
905866
481869
200253
464953
289032
698451
585445
207661
666725
971287
23652
874803
743346
952213
939116
421035
461194
893654
966566
315805
160646
370019
662743
147838
355052
958221
79010
336399
474669
958287
494066
688503
886626
606980
567769
833799
756580
46722
488272
103180
444547
197898
882621
498155
375719
572043
968637
336835
112394
7777
431823
317143
316073
699815
42334
150126
763659
855874
468552
810338
248452
717727
246807
514584
846854
147543
756389
3999
404163
542108
317110
690425
342318
965779
995276
844184
57385
819244
203929
659434
926242
827348
764683
427445
910239
607168
638933
182386
24533
485235
929069
36469
848189
697211
279311
112136
72572
852003
438782
511122
203000
940745
262433
142196
78399
436469
859257
619781
295815
720271
8919
922178
15711
464431
807386
581380
151880
296618
549348
30124
210098
485894
631960
380934
963386
373975
908654
625635
919457
962882
710962
553155
135368
242752
576875
903864
723490
484169
475780
683602
670788
941841
489866
405666
921864
916446
440503
166155
252916
189648
28484
815459
150097
79840
549350
483121
853477
873106
419235
116400
131005
401306
318982
21433
505000
614851
560793
132171
948417
828921
724108
17069
606034
288011
229695
383958
317414
725807
816008
902216
469349
396123
791784
939290
462588
507055
927999
32739
346277
213101
969010
80640
555037
202677
987700
228026
275330
953941
5919
384171
46564
567690
109314
761091
531449
202490
516556
222430
526638
239986
448456
428539
158632
513270
946876
449854
370624
21180
239172
527374
169955
721539
641744
950292
402374
291182
829322
692210
525406
316756
604057
474525
317280
470824
886825
449356
300667
43243
904841
144579
469265
726006
136848
162909
864109
11119
475995
459128
604641
44942
317747
979719
777515
572333
29150
568579
958486
186861
368747
977759
280880
955599
404939
378417
581016
580190
129382
53605
943739
67487
574606
81118
906548
7774
80256
710978
61290
417546
345773
652885
390221
813999
434466
904457
893190
804379
735443
108656
592237
539412
589887
800331
925938
274832
155422
792694
686712
497790
97256
180224
986301
40089
422952
713031
130442
142440
663927
438614
837736
992292
726403
867114
757318
248237
423919
429618
56013
518795
875820
196226
350293
908927
537956
542377
278706
91661
154029
411611
997868
560698
153105
269736
91853
98781
569482
451726
611660
301072
194884
813507
719011
442800
657485
268638
684439
385702
526830
492240
344254
71775
116203
580310
172285
221651
90868
733818
348366
492071
953587
882754
961989
598752
880152
79281
144102
347102
164410
998416
796987
913869
789864
710478
257704
41589
359841
378967
544170
445578
954096
820115
846989
35953
20342
595331
588807
936552
378558
254119
85819
527692
583884
51499
870751
147180
405756
218917
749814
912150
136953
539697
42945
659056
685108
670536
292313
739069
97629
338249
709744
932497
638267
488940
502
388755
935234
967388
239682
617964
469066
555498
403440
914095
140825
264390
841032
411355
222513
103019
885240
251806
63717
509097
276271
41704
584041
829884
113816
230777
244993
506345
934421
691606
296016
60646
169632
143582
248937
288148
953733
50080
691427
35883
192269
171136
185494
627312
323885
600539
586005
48751
5331
835549
22997
995211
902922
817512
70894
87652
940960
788678
817446
938287
12410
498446
833350
188451
79227
107065
204213
613415
751798
842734
867748
123689
627334
428928
58734
872232
506174
800242
645527
48417
285329
777130
920970
329557
869029
378218
791171
561542
367062
297426
617799
874804
572743
676716
135973
347218
753507
910856
324955
383482
36974
300394
890772
864753
777062
668088
949974
816199
824355
832557
4089
707980
15274
130434
12551
620580
418278
496672
870961
465934
613561
453415
542318
340241
463986
124056
226069
976637
197054
906974
472400
783683
610677
469
266909
880210
731033
474761
558570
80261
10862
674450
706986
993014
788073
286265
785355
200918
144004
162643
786116
258580
630662
791949
399384
291831
455601
907760
261881
533066
802641
832901
781184
697294
650315
697009
552168
656248
182787
36990
46196
21925
826600
573445
532263
213517
501482
666001
591857
635404
25058
267628
873306
801117
532711
885336
418615
948540
247367
13615
342567
737537
803185
76115
665993
469677
624391
3415
688291
950006
855039
673621
297071
203398
472601
562552
554284
121902
145302
736268
314761
967803
756050
245346
809638
209995
481563
913590
957518
248819
113588
230580
822984
682961
71130
373552
239975
811819
289164
53600
910060
963566
133153
353257
859995
266205
190829
518699
454127
141207
875946
617816
618343
962251
9681
622040
688109
555332
597865
167299
544852
319322
643631
836358
172392
371968
282689
798075
59259
725274
585131
899933
894145
964496
604657
378720
154349
450814
691653
678985
421294
467073
103420
647229
679556
344088
369682
694905
402204
209651
446068
877530
194740
429794
22366
951852
185382
433089
665664
743558
500882
600728
31962
783033
672627
727772
700113
504189
262428
289701
666756
204640
69812
734637
831867
124848
524525
368085
906448
851418
298852
665613
303902
