375535
558261
315764
599696
625220
867859
456719
532985
414443
589349
785858
983418
737672
345265
35136
204565
973188
560093
98039
252173
739959
758297
735772
37595
6799
413411
683812
38549
287346
601203
608385
105239
600689
242094
397130
699744
27614
702622
716097
533125
82313
133694
381413
145401
188941
292672
92604
857511
487470
126322
128354
582724
530365
534670
78287
302328
355526
70533
133132
798939
707355
948374
130503
514510
497886
610233
553371
951887
328580
349997
317498
39296
115438
374474
27866
219462
238154
572836
256598
12599
921204
36905
454603
860229
926468
181394
571392
498020
810832
121222
290461
263425
807318
354278
65097
451077
321530
22978
6291
761121
300669
463690
294759
298283
213351
655431
966123
326691
336829
766883
556254
668461
653294
271200
372489
962439
201632
281455
944408
343865
650478
317876
483311
716738
671165
437738
342535
626211
712565
835958
126012
827315
421605
710450
190626
322948
287757
267240
868052
864944
56109
837878
645888
648769
373508
535676
653089
547984
388236
316273
780425
908681
818593
244469
289628
778097
184018
242923
792773
583568
51997
369858
717732
955475
297882
120544
116678
65140
349220
507399
828778
684288
236520
984332
595371
171609
132803
764993
338881
670480
51337
111639
620395
980245
685079
81211
408155
809957
634750
706157
499459
315172
97010
365176
980654
193372
469933
13968
627545
448316
125184
857306
662266
545600
666119
907085
891492
88651
650478
591878
144352
891771
186959
239411
277859
466541
22060
405449
670382
165848
565286
881320
983739
408641
879438
813850
33155
711492
199700
703350
181111
151034
933604
938429
33043
318735
283315
796013
778296
623146
381667
664947
572709
841099
968021
655372
954278
737287
160612
543997
280758
706150
801385
856661
616450
91241
806089
314564
728355
227209
333481
434715
855531
70434
221000
984521
84142
42447
213829
815397
945394
704171
695157
234143
693475
755781
833545
317076
439539
852728
887165
730915
926415
227491
859619
862037
62257
885668
155430
224348
958745
836138
438001
580722
684587
896055
132665
446450
383283
669584
680830
165727
386313
580018
917121
69475
121155
726502
479087
669531
660986
740849
656379
248167
219355
9450
902672
192138
403517
337453
934638
250094
774259
812234
503055
599898
778908
508293
19421
896949
366964
767048
365258
926842
888058
639056
617736
368913
55471
234556
80337
44914
932799
774592
179058
576009
866893
384454
251664
734532
689797
341498
816085
489225
951880
395414
820805
590717
521746
888690
118209
478731
486504
762179
302834
427344
333898
685884
202077
126753
254471
103962
355285
133828
242994
152408
289159
846151
369275
993940
819146
7765
810496
348935
968024
959642
421903
372437
379062
360542
573346
354803
946877
980663
780860
949584
37628
753804
712491
676412
95910
803744
705496
834233
729958
406633
473301
248735
111122
79791
598216
317452
732646
825772
509794
149120
341480
222307
801106
73523
987637
326153
130726
490143
160476
660483
511944
443045
491422
439429
542073
204135
10373
336334
749166
28781
440585
211411
944151
101448
232149
82273
109960
529663
629135
587951
442463
866451
465274
91433
95520
179969
906410
418989
56812
846499
443476
54764
784977
751850
124649
532259
512599
877084
15471
762732
398096
124090
748445
12021
423767
768289
147096
229140
757325
600044
368258
993020
948154
792176
350097
653919
518262
87395
738562
110331
601166
740213
5264
689066
357194
278463
724678
652025
582345
314839
754168
450757
964004
451455
804557
983299
743261
170569
712661
591803
703841
883591
84773
702451
12943
376325
361850
44516
416955
65684
218990
332177
724829
677059
259790
38332
337575
614343
667629
925987
249264
160391
45104
120460
869528
470011
448900
806380
615058
63202
810970
745666
283520
829293
651889
670611
713966
896834
433414
375563
916240
220811
58128
700007
689388
852935
913589
126956
117921
18920
592062
412092
520337
579677
932896
981823
941883
337597
619901
616855
796263
516008
647520
616402
230876
90461
305911
264447
174502
831944
23627
734982
549872
614269
934396
327511
260680
973079
571601
653290
364791
878385
692132
681467
290526
407435
739214
469438
6557
869215
152944
992119
429918
24450
307097
643194
47134
259496
355767
474339
285405
61091
376231
787634
221086
524473
945595
989276
601390
712600
751918
807562
57911
170989
927683
540073
561851
963708
897122
794469
374587
503258
875491
764180
642479
165025
227986
202842
802284
293297
283528
732515
146617
211233
873562
366358
70518
603707
223388
711205
117232
836124
845334
306941
381968
907525
476301
165179
471864
813753
414013
423226
533151
296874
688290
235543
33967
902022
920755
796997
897186
630137
110425
711259
488179
849199
670637
140798
932203
744840
449478
916347
30881
213618
295750
794830
309692
648242
307097
532044
605770
412624
385676
731526
624553
603293
377490
576647
187705
913067
475097
282623
279626
266269
89514
565822
879835
187128
343398
212073
595831
813274
763852
476070
518911
420376
873703
255234
895235
410270
955428
119401
642355
748263
641688
287370
95740
562529
374082
546475
281840
399031
89262
681965
392511
264840
540327
614255
721705
439437
197404
86645
349853
662978
868462
216574
462636
720540
231062
716790
7721
963774
148810
577870
598732
769370
878300
288218
464781
309657
107454
805710
192091
169578
649736
488189
44358
544603
936946
824993
164888
465730
49565
404794
441773
449719
492275
614763
345279
862080
860219
118742
245710
22232
573396
341131
915962
17415
831436
203022
503407
868574
758436
497754
983949
257525
337549
782402
694366
567427
814072
840661
900714
858717
998985
853932
547649
902848
989345
436833
348749
973822
909286
818066
660571
381251
654171
178493
115203
245743
171740
825723
399092
970187
784609
695935
417509
36073
86925
802089
490432
676154
701298
238923
547210
503981
161412
640230
841582
401337
832733
459112
590400
175883
585094
372990
616468
269553
971117
944366
89752
489904
428767
585497
580977
390152
81560
560266
333899
839777
685817
933548
465008
398467
778588
457130
23570
58777
148401
501340
913007
126785
995134
326917
16635
940547
610378
350920
680687
431282
708127
186726
313756
842080
795240
803520
162402
489632
201203
320444
899630
217778
206892
438760
121015
877751
338656
148375
97358
538850
18833
887367
202276
703169
77571
698382
152234
564946
274949
698223
531551
652938
568113
916299
832428
124172
715884
712409
399241
331187
573493
751187
427124
853764
665999
497173
926393
102599
355219
628736
225259
821988
966341
239881
312500
706863
268932
936807
613905
138018
116916
13229
858387
544237
953433
639461
30667
580298
616867
998696
497734
223378
170078
861487
680907
938815
10477
34890
290669
897951
515495
24113
394788
597990
639868
684596
104161
281026
857082
336261
549236
155888
497774
43857
515693
595682
601381
91912
271039
191433
536435
676214
597735
652238
461388
496175
320416
720932
208711
276249
310491
645249
789254
911094
156146
347671
57381
900173
825933
721626
792955
825041
298905
340192
680061
896345
680289
66612
515170
444369
674026
304509
130753
145296
580055
785243
98293
583402
459488
17456
221890
674263
630557
544316
522877
172901
197490
585258
979075
350157
327033
825412
598255
950078
475930
766461
451217
247965
961487
350253
514693
125872
67029
559310
665162
347186
676715
114771
181244
45727
159238
188250
912548
293361
758467
918809
606290
586434
866433
387378
420907
83097
609069
511972
193838
75076
960841
925612
572897
983867
193178
555428
534394
837717
615239
703205
717815
707052
573999
43721
168494
981808
742331
908061
494076
943129
884581
546131
719915
394077
276040
499540
857507
800066
83714
586293
636959
217812
607339
784416
276980
808646
779791
646636
432746
856847
776958
326275
916391
161885
384213
238274
826974
937403
706077
570172
674174
749721
808297
488848
290701
69317
579920
868948
59946
601162
964480
897222
625229
232335
10440
260495
925659
440725
432866
177619
263622
765579
265723
568022
285446
926420
523455
25653
63775
187488
777545
781593
192220
178974
76542
721371
839438
631152
907061
403709
636969
899608
963842
364931
569070
460430
521946
549248
693136
748866
471262
548072
649848
65767
185341
485057
727129
393190
218071
439980
297840
796958
4741
13545
148608
720329
133190
620388
312340
937594
999553
481177
980606
105207
740376
780881
689881
648731
751050
29309
481776
312356
437833
524163
675661
95693
862585
435756
663395
660816
911863
838967
382283
274699
427829
456098
273718
189899
316451
72807
252138
654944
673517
995454
775607
270818
523525
746952
297714
550439
78768
138083
611814
147416
654506
260724
253421
467540
357294
29202
979586
944927
111360
790642
162552
602593
761834
428323
153893
83520
207243
96314
437022
878062
679128
55113
336795
457841
902257
103458
608268
448449
778973
189669
243072
924953
973171
869515
741187
284281
78366
808049
594030
637446
419752
465381
34129
974587
21844
107351
279125
474152
507120
224162
495242
272097
142531
457732
727799
669242
900442
553326
164476
64957
942112
45607
883891
732081
680790
967581
29458
671713
489097
134297
43609
294129
644348
766508
996318
149960
997364
51672
486737
332501
803744
889984
926342
15034
523647
225850
957361
178446
583591
605256
181387
442704
105192
872716
261602
13344
25728
548707
310022
758294
20265
336589
186637
601761
497332
390273
252575
324598
487052
665015
388201
114123
273236
241092
312996
392902
421920
387387
338726
613868
685604
373003
690108
538849
552235
977240
75704
137003
473545
144128
665967
83028
160671
196874
68623
76974
475443
766068
426280
364755
647354
916371
587063
481878
995489
63030
537204
677209
981610
453588
882084
976510
246512
584928
508584
206395
705820
687770
105980
769375
884420
750001
300594
946439
417582
785139
529194
423911
826877
121166
169615
344759
375968
850125
259537
268002
436295
727717
791325
510082
757534
978711
327526
730146
512248
227219
246724
543968
757038
504655
422561
387235
689894
375607
264298
884119
60649
915318
336098
583442
617842
643583
246639
528619
459799
373593
729245
349715
953989
144684
397290
706807
29109
129945
640546
103529
23134
712279
72543
206260
94147
846121
398178
437958
72008
95632
685433
608321
556937
675876
374754
912282
691330
32969
708209
571456
254438
381955
601869
968006
329951
6890
818688
921005
85141
719376
731528
997153
756635
871824
201706
304773
353050
589622
453696
411748
583004
197363
516421
423054
351395
715873
832390
718785
494950
681347
359835
973197
935078
631932
216
403539
900597
925817
211823
205294
979317
793011
627211
134459
740275
886399
695927
811881
77941
336974
183095
313665
844064
739106
373540
96436
371987
731047
610580
257440
677353
282483
169655
69500
826740
231203
149663
164039
842382
557934
271537
806303
529237
305520
803127
437509
279848
121668
186692
965806
311234
511405
409319
449090
506543
985089
588523
279232
196232
187498
314449
208423
744577
690037
793699
532838
689700
446072
488179
151064
506745
65933
342263
927580
355674
413773
280853
118102
812649
812784
28362
887900
903581
539933
605826
368842
298218
880359
186980
573909
536368
803216
96255
528904
776634
251590
487374
610977
614093
108680
286063
256090
300271
313824
730822
843245
256766
224117
976681
337834
345852
955614
847293
678119
182524
840512
770131
732059
772027
678513
354587
362163
949943
324257
450242
903449
882761
560384
827383
110112
962674
818600
837959
705378
609697
243973
904759
465823
504152
545223
87293
794068
54514
427096
734565
480909
817931
437211
536379
640734
719746
737539
588359
130204
632225
168679
33324
517450
585168
491919
253658
868676
812661
641417
672952
256871
159312
144627
42833
207235
656040
724024
592653
71708
911550
907062
688040
412490
655917
712171
492042
159469
446349
833888
75230
343213
479588
969751
835801
757210
892947
439813
335921
988503
179504
49016
554556
15336
391554
532494
274142
165491
694915
339550
631666
301998
152400
103716
474581
546451
170498
71704
669199
612466
216144
527310
282485
757185
479734
774886
452208
851622
728349
971559
802638
681079
89260
98520
334166
545150
976726
88161
697027
149117
466378
838950
568403
896715
212312
329681
371723
985532
826341
584426
585983
202674
689610
828
700739
252433
382669
552172
188025
293126
475015
215059
397089
100062
781791
908987
92437
190363
609
738256
236701
686835
251186
672610
101652
807746
741178
87431
155178
30179
646135
945897
551598
727837
849205
889869
762183
577323
633222
369685
390401
851479
290965
222422
169961
258413
348197
575430
490538
573324
279143
964654
971826
50713
964663
513394
284276
588685
383323
658824
377689
498494
632965
889025
298460
792312
120380
615349
303981
482248
698038
804625
11531
426721
168609
976821
913479
173547
221073
713767
612662
160868
583096
210105
247708
223575
254872
137733
656694
350918
304791
758845
636656
254857
403296
881855
942724
818520
76176
202553
611939
783606
754878
858766
734751
186726
753657
924064
907588
305825
305370
271479
113495
545557
336236
516241
28373
973903
513448
457041
991468
653129
824759
938654
975529
651552
540089
739602
768377
979380
678363
789499
374613
411255
979520
358667
842589
329797
517455
182133
485832
986630
393290
673787
159430
487161
158500
764446
990609
850303
198231
578942
210240
962982
466799
327929
70215
736925
424890
733651
678056
282717
724311
458325
91195
270306
308282
32886
701880
482130
201339
853872
514170
496536
626530
355935
838214
859169
443809
143537
237794
278424
493418
137335
886721
151508
416696
135494
714692
932343
8754
688541
214382
902722
299968
441299
708144
161884
536850
294139
302739
868538
122874
266010
815975
948599
365831
258449
548487
517222
696887
730642
919270
650467
103362
524897
955340
654185
560180
620397
88490
895598
200388
544186
344558
452579
33565
974123
341492
232997
340980
493394
385299
409765
989815
125093
573420
471496
859313
286434
556593
155614
209470
363040
357443
764284
491333
782390
892843
134361
796243
423008
73660
789548
252433
265056
726253
657909
31643
285842
893073
970118
722738
80270
446166
936915
365044
448487
309882
517635
301246
391023
355561
640958
626419
599855
619259
863564
550054
392070
787036
351480
906652
930717
902417
832023
155561
798436
583591
3118
359634
535053
760865
662828
599145
216698
192165
177260
517988
241698
578279
701967
334178
821172
107498
574994
422112
658893
673330
754399
623026
946150
258070
990319
107789
388256
934667
61778
214873
195881
328396
149557
685443
963705
427368
193900
933171
914369
806770
668886
872627
762541
870559
580948
529266
94641
522518
539996
21834
642044
487111
644586
555412
398979
736435
780889
251788
669137
628904
267530
383243
945278
511720
798469
795808
708654
362581
262447
448907
895231
804208
647195
412491
65579
866152
823797
11431
51744
90211
121626
51623
596436
685818
605082
309800
150434
791007
581136
343910
365322
394617
156018
301041
907448
53074
986450
615072
888592
849646
201798
154815
150633
417890
554773
827575
101151
558914
525114
429048
398574
233620
608361
391884
136998
686420
18559
445876
600859
151345
489030
298702
652717
396463
136774
140864
123548
371807
650703
285694
342168
224812
404723
856359
827676
835534
75450
287118
521575
454417
647311
333378
263176
178170
84990
961278
504041
377423
849888
567566
732923
179891
157176
643080
16517
567255
815457
980786
311566
852848
365632
449
352420
578395
955025
81375
570617
946433
437585
53845
874374
293131
90318
907437
262350
901678
277062
152501
136608
884863
759195
796990
180793
65595
518990
604673
727695
147013
908242
872589
890902
904940
329106
858055
494081
262866
333576
365431
211712
644881
513103
601018
384086
927390
218745
612789
574821
943571
37396
493401
732006
946503
616326
783837
653608
308149
819982
527525
689463
723496
794733
716305
354307
107730
763026
670436
485751
388247
981912
90126
772955
395384
820324
76447
391907
909403
59086
542602
323911
372965
736735
269201
558019
881942
930909
466609
757705
394453
930858
130610
28936
772165
342627
533221
508773
275
553052
88975
819267
156665
78166
231183
281751
221465
999306
321036
956728
919201
155914
851128
251677
527515
656531
675097
654154
412606
85510
231620
525697
38142
899682
735040
79280
263398
972640
820355
952500
445373
227884
341426
540957
692538
776660
356509
377196
976584
352953
88722
460602
825495
828246
111344
391294
656477
610389
65512
218011
563437
918529
387657
388733
125142
27098
800160
917500
582079
488513
933835
432577
611475
848592
778073
379650
679891
279187
451882
172363
869061
607915
988834
413561
336684
423789
503180
742280
822782
6189
973543
785037
199675
311019
348838
483287
158847
173284
643573
955098
963015
103302
745411
84850
113620
745600
605065
563333
386070
330811
508076
639444
436837
211238
528178
110706
819227
987270
341148
814282
649379
856431
213460
127121
570991
278960
38395
62561
182330
378747
449800
760595
285878
519691
829356
538465
477927
334414
399459
929892
573461
123546
671804
340839
484111
144173
597280
439356
696578
28452
309000
882409
731037
517525
283839
457559
444071
473691
132060
392572
419778
744620
13020
665398
354689
565870
928468
176978
947093
223018
883991
137281
876860
366602
500507
279835
776646
297207
888182
937727
381685
993835
654183
81034
176490
489618
234596
651510
777707
676415
205801
163452
233781
158519
223689
715084
986164
124518
280077
377879
681157
343771
946216
481374
147955
206203
277513
878846
993081
464575
937539
827988
637008
412124
268451
752499
973675
274955
413239
351577
547022
927606
203645
148029
233751
281960
946578
700750
608228
512698
656953
775066
698675
713258
223337
721536
542410
790215
647472
426501
632580
969084
833610
94133
809063
205151
102501
472292
801271
782363
104787
15753
859483
835106
170229
86333
252258
524016
242393
607334
233433
72403
277799
946152
110733
340541
320925
222771
916976
110321
130522
887816
794838
595084
905782
45578
423467
557049
167695
304064
989836
493045
771557
226614
460588
75722
75948
288796
418771
75181
627352
377970
205116
431399
530587
602997
399852
831449
997277
470747
285602
193827
645738
487256
443733
477612
468019
54813
57862
702697
581280
666379
342335
421741
139582
541761
15110
380322
345789
49413
147440
283903
846364
341840
612127
415231
740146
311914
391217
430518
957456
843314
601735
44232
3134
417471
785081
195939
894861
348351
314557
204843
502390
209956
503493
850314
98688
46534
641845
269716
394016
228797
112314
211415
33383
588971
31827
227955
904743
291530
339385
684663
244388
600513
307157
743232
831263
58859
505868
533290
809715
931509
696201
68576
137038
170407
306252
130867
454186
132960
889327
439012
16711
965993
102359
196665
638122
645238
147323
707189
311796
470013
197404
468865
156168
508272
589164
713545
842172
811178
648311
846408
732359
848101
682144
121769
462591
992360
804081
470834
37833
627818
565275
224757
918263
593735
25685
300872
358494
977399
351515
820117
626508
435174
776568
941731
286118
444668
77148
392344
561046
705219
271189
414186
825945
130425
750535
386881
829101
655621
23015
323694
783780
942260
46717
832708
46940
818202
106526
37582
611232
953812
759711
375516
372618
922810
346537
102353
599609
207730
642698
973284
306668
313969
880856
438820
254129
950921
85556
312129
874973
693852
913725
86859
228164
875859
236689
913719
964937
438739
789412
989650
129706
532221
288814
612499
703052
210321
862744
830663
160763
83988
818238
589830
53030
757854
612744
168738
414236
27426
318719
549802
210521
398211
969712
389075
830456
90936
159811
463366
562880
682868
195246
816474
41631
524426
923428
190021
361953
919589
320514
553505
540157
315509
259128
441961
202659
811373
784108
841709
699148
432631
980084
620729
369675
36789
457004
708213
731765
901303
623904
848482
180612
754768
964502
469783
96052
758608
77428
360040
97517
368352
550927
20486
612152
194886
1787
704453
935472
699503
585156
208082
890148
50964
430028
476437
378216
793221
54596
513691
119993
882828
939496
559774
377099
327777
98818
762973
453270
51796
121560
462207
705363
182850
487063
17092
293090
844404
474955
206658
569145
254348
902217
9110
94238
110216
575324
617529
722096
547600
952863
964378
398614
670569
861677
300460
628406
710514
674456
839431
307619
766712
867687
111138
768467
768736
99073
775353
238379
146982
942079
946719
148424
637619
304215
718946
569241
597048
581459
325107
561143
428839
983291
654312
961712
680129
894658
938067
941108
222068
186522
118816
556901
91767
976910
971755
309852
752466
11685
471039
531430
771104
711595
879258
959154
946703
85712
681792
691023
687382
209032
213445
922561
412051
73763
3554
135739
154614
446135
625150
433887
384658
2469
15803
306059
450363
145662
967115
396565
718546
570675
62440
798905
685313
246651
74380
779624
865302
933847
776203
595603
965910
758908
598676
726750
312436
317041
696349
797565
446405
508555
431040
267349
270796
402520
570633
577890
498980
433290
376334
91924
556385
278007
974040
70596
52604
472002
631490
768230
239630
560712
948925
5504
523290
815548
531691
478456
465554
880728
33890
481620
957315
828247
547292
892380
885846
625686
832275
571585
800668
595162
595006
603878
689899
442844
642187
1945
223300
423527
785573
348984
357956
120797
316780
958014
15005
695246
111355
680438
141350
429959
98444
521351
650670
849313
146391
135599
591431
544074
564244
781262
950200
340836
177623
173212
721258
705114
887171
484792
870112
119757
808434
776372
234497
541373
136329
866929
581596
975880
117260
288997
241053
949598
813230
15661
75557
777008
196284
849233
129456
42487
308652
281386
832824
212618
630401
907901
92254
861553
665887
963843
947384
885126
179823
723977
160131
712551
70269
943591
40180
432288
507789
215980
817161
977643
122843
344301
227087
477677
611853
880713
492853
125535
190488
732085
323454
408628
867161
878498
575800
543303
127454
721519
508860
551182
170346
627106
883707
754288
791552
566701
660448
167383
3291
454407
889915
738329
349943
589567
326663
218926
783256
773653
64903
466434
517302
168347
971038
663923
325122
257191
682526
717976
303703
718980
875671
481316
170011
586280
381051
787415
985056
541627
370259
444437
951003
216394
293543
724807
210336
914949
732642
17133
125975
20414
247566
689204
165411
489993
68915
186561
888784
468955
604342
696428
383545
830330
452812
195962
180250
315187
948539
163452
667910
258890
115818
348917
974006
162723
637298
643868
131079
939792
551291
644425
6017
438414
430712
395824
661407
653495
604991
153763
356195
790525
382295
230213
897615
254213
337351
466335
665392
492945
503418
625568
590336
826864
359696
649556
347084
727106
719311
500167
513857
480716
989252
895226
128341
563756
81399
384899
725278
423828
952698
431900
603320
414258
237170
680682
683885
887431
523438
327819
223013
543341
664329
282724
440019
167206
564899
914557
119825
898016
493610
446236
342867
699730
948373
221616
475072
939491
375200
894952
370177
745069
820565
508065
525451
864390
448104
574353
586591
43753
476803
151776
651203
538590
527936
770802
291612
79298
373341
494398
415457
513787
585715
347390
884325
70883
971230
149446
994693
684170
993399
372894
464020
851134
572224
657507
892842
775506
818460
838530
373190
689293
887413
693331
837881
363411
381473
956092
719510
71634
338173
703871
744070
224086
515209
300679
155511
189441
972226
230043
539444
60831
519951
389533
118961
439553
700495
822421
484731
867856
430879
540722
596870
221036
154083
777753
988252
451016
748420
281166
950325
22467
115850
728447
798366
381816
576854
627969
687590
976114
445332
178264
799143
365695
246172
178310
313155
319700
437793
812581
435088
929969
441635
289743
244779
520222
664069
998898
457850
39595
485232
940584
686262
80992
572478
735419
693143
769778
698096
434183
520210
388353
139318
419781
938029
110246
502530
39668
664983
529849
266970
3984
545132
61853
115947
879089
306302
430495
166335
581552
678653
164189
304424
36203
325136
859320
857415
188491
230349
446382
653602
22464
986623
229779
43237
548317
151828
160418
669808
64
480463
795297
592578
284532
23996
816839
491710
223917
17646
220451
104616
361903
194119
968850
390522
537247
48871
540021
235577
216115
49380
481942
334450
163807
579455
977124
499904
181649
38209
598094
497152
584756
586849
700710
40695
561690
234768
753318
220627
510265
91747
150111
134043
284447
307557
706703
914141
569779
704849
380306
49038
257976
427848
828307
511761
414295
826484
531864
506892
247846
975904
106063
398929
237434
987956
476349
644796
465944
909572
976531
54185
818003
716289
267844
636801
184296
839009
311773
646490
950744
119963
224932
710003
886336
718827
865333
680222
91752
835283
230880
804038
904373
128274
782480
229883
332452
711742
947198
202731
597119
615386
120559
189733
898124
443403
187468
810405
473897
351264
300198
177488
716718
135012
761544
983512
800318
30002
250790
440108
710997
815862
422363
731794
860066
637245
674549
352050
249957
372477
344962
659235
759173
870472
550186
299718
688531
909644
77663
551894
435149
586318
545248
789735
37430
998349
222425
420826
343072
400137
73510
140112
413329
508095
140021
847855
640048
238101
812566
162471
840400
235865
328057
967703
440067
811299
370013
312558
980046
161753
343505
666953
760233
148337
365875
531267
617490
733484
985447
867315
495948
728638
48052
872452
456639
260608
543520
828375
820917
390120
528004
876446
854194
921021
506485
614334
953463
284016
19466
505627
706206
147841
857235
629694
905368
637050
840190
751991
682023
365645
863016
723081
986195
380607
479328
323408
995301
203662
464775
614107
827681
260061
739268
127915
438318
292531
826397
317787
910918
213067
419941
537208
128702
199696
736180
269196
661923
163486
554797
704497
132547
30349
944124
74242
11616
703771
214209
100440
809796
305126
811554
112196
157639
48195
701613
715665
564727
735849
110038
579989
994487
242598
43353
903624
90403
999820
638794
511472
144383
732123
877115
949301
270995
761750
708922
484769
33044
339869
516146
852705
843788
597598
231519
401396
566103
530706
828262
81353
991149
284871
822305
934412
319004
651451
703373
107392
245198
398496
316832
917006
86078
971456
111361
417615
393364
790256
493948
353169
343922
960360
246692
977206
948931
245639
396547
983840
993202
498511
185449
9547
391845
187391
300321
366703
82245
595818
28348
228348
423558
239289
108570
476337
880873
36825
901456
142267
394345
931835
388633
168927
940031
135295
896634
493155
747154
982686
114349
661181
376960
435523
535502
406207
96649
782638
494354
742102
619421
190877
737072
51785
228562
806491
926636
882367
333011
480657
760196
461689
260076
124253
242954
705775
220212
414095
867776
747575
402914
441431
28064
220920
475958
455905
287695
209902
224135
394340
950214
309380
201409
910897
20066
420476
411073
995160
378969
167656
545520
902649
173795
124299
936247
655256
155868
94943
966754
838372
719087
853184
163616
318982
796978
311718
115828
356127
601281
168423
82042
258504
240016
55674
742826
324805
827564
554674
199364
910207
635386
476200
52245
350295
135921
435535
603086
778737
117430
693410
355884
430075
205437
446638
752103
158381
644107
580779
657428
10147
127806
947982
99010
968038
522778
507282
931741
397787
584116
594604
916287
733177
772006
541710
747712
442623
270466
156208
754572
447234
361067
294113
952508
530874
901424
302927
735
333605
341008
569677
155100
513546
423825
712062
246536
710828
629322
20780
981141
270797
494657
28631
824987
156509
655192
601839
506115
659942
600860
197436
822988
550129
314229
956140
311728
772100
34587
977486
515895
808876
121810
814232
149650
783368
419572
578634
180008
482444
650523
176495
906921
80769
766158
640225
176421
512858
828400
86245
45646
301291
39574
652658
265981
330349
632444
774655
557310
667323
335407
478807
698509
436059
650427
618552
586290
328103
26523
631326
730055
539467
431754
225501
741068
108758
610073
287958
558777
194709
370868
162150
924851
583335
339832
287459
159521
136008
664670
875002
903663
852107
909446
990074
561754
904712
371860
667052
432617
430628
687654
430136
874382
556923
558334
560344
272200
640491
230956
972485
160412
54735
854514
165021
389505
406631
928634
238381
271264
331353
971770
794551
472328
480869
387055
616863
388137
953880
741015
97668
938120
741142
133983
521608
435810
129607
920756
104915
80110
978270
177858
990308
84381
259575
542129
49473
630098
648028
424670
969676
518180
564749
524389
204818
940970
301571
70352
840139
288997
946383
493954
562183
699518
29136
571830
534355
44522
716701
533634
82550
647426
108496
69311
520363
883081
739964
750175
636903
187289
949844
772857
170478
545618
349373
677842
691234
776870
955495
823213
894513
789831
956816
880968
306664
208188
818479
976966
823577
774508
394175
736935
792292
191437
658663
966293
667693
454699
259343
564583
298296
732660
552212
7238
929038
574591
816003
674281
917651
426230
621700
290932
656086
69958
376784
444674
315973
280994
16533
608196
70340
27480
76738
718922
565806
280823
368706
808682
470890
669123
283010
830435
898787
324779
831013
831224
27879
413702
69652
332726
322572
297364
497905
990184
308603
678564
661453
892458
408931
812531
367986
893133
330795
208718
33741
994355
403683
289177
473190
600630
601690
149417
633642
131588
313630
651329
970143
989115
861465
748547
12200
469817
36130
318554
881872
478145
826395
980201
694839
904416
660411
296077
576547
460940
22366
360305
220882
35901
263994
716073
721521
306104
636010
446787
669477
825403
458357
839303
20373
499441
182016
66653
400727
906119
152527
849118
33196
838684
972508
841229
754916
864127
202272
705706
815189
8132
581827
284276
975858
173009
894415
361585
589063
595979
482617
216101
415842
581786
747626
429183
695174
305566
649722
992855
686943
490158
801853
271143
373160
287190
297749
546197
495704
396895
606673
836556
629766
300983
351258
746584
645737
467589
916967
785322
206185
280202
57641
938706
416290
54484
221920
26416
849455
889926
53500
9596
757208
892556
194754
823662
843390
873881
490960
209147
961706
389617
884210
289535
323737
253618
646211
970805
556472
633460
208500
547803
899696
757782
40636
954740
786859
444190
56102
814777
775471
938112
927580
387889
502746
158557
567872
828825
849571
525562
15682
998401
364696
494265
654272
495857
746058
236543
854325
264783
793214
733630
759271
400244
88590
61497
544440
808244
790252
419950
274754
283312
622616
91743
253545
166466
321122
79875
577559
35254
225734
5376
124010
310570
539869
523522
958951
447278
21369
809959
495742
472134
510595
607705
641113
733564
911515
216609
53286
54638
176613
892205
556701
834865
548774
571714
96662
178308
28567
939785
987990
335295
897659
30043
380158
539945
629598
853090
109091
651834
118339
482017
87060
230463
841622
854240
567309
923708
81378
396819
705702
486354
424776
909422
109763
908516
814105
338671
571005
557340
188275
922518
748691
483148
813702
275190
703962
316832
578507
627323
624038
859140
484221
59377
548997
748795
774042
10086
80105
650020
160144
90470
619568
889087
630201
79430
843666
876238
6148
80149
780180
55753
216754
28921
737452
279510
347328
854483
360037
71226
393961
191880
897857
305531
463277
125265
610145
358776
631336
939401
782118
558042
132811
827656
194255
364166
524831
836732
580095
124636
427354
152686
520101
785524
917126
730142
375986
181281
437673
826949
643616
512780
489028
692452
854431
750396
959150
402575
798345
495450
457484
590748
910770
547131
473198
952900
742863
533964
656925
292762
970961
447597
436659
683493
785034
251513
26881
600599
682624
741213
773052
478376
760214
543178
518497
629928
68101
865361
701310
594688
169101
774007
164111
574115
649566
649532
913482
587190
546383
745544
277688
430582
787189
107987
929500
384626
85025
995638
126300
498208
99594
439782
815015
113786
136180
139882
829946
569090
383195
982050
96430
500393
530798
196053
107389
639683
510259
863220
848734
329619
43700
86642
168878
610555
434131
263892
800719
324930
116382
800652
84962
368933
416068
364266
418266
329764
282446
449701
242985
460773
59550
498608
255198
759483
955517
117926
498670
368416
697180
283581
568521
960173
99211
418543
292919
986819
135979
873550
907545
997257
993693
364595
572699
667834
643497
496255
779178
93206
371843
213924
313723
549309
181671
51996
423311
692539
439257
649593
30559
418662
513443
644905
278445
205840
476937
815837
422781
733230
206441
698027
947654
722015
987602
836116
74441
854940
111290
759759
697609
876118
572169
119113
953992
972348
393096
343334
14788
759910
341216
972654
621944
133069
471954
749688
862973
203015
973251
485734
178153
195912
326229
120380
765249
574482
619523
129218
519457
997788
160684
707096
475370
60550
460342
597275
350792
829406
582939
174911
903616
79980
156558
370196
676328
68826
524723
679346
927025
466417
882125
384919
916590
650205
26210
761176
753705
641522
776089
614958
977719
98375
662302
835090
410899
785624
631696
175226
612274
484198
875800
559888
638560
208585
16917
220861
111397
939743
735607
200237
548464
229103
550127
267164
367913
480191
577850
230524
906461
429865
619950
92398
186379
295853
376138
403459
403480
925035
406833
474793
38923
418356
638766
645469
626658
184466
40978
464835
172722
446697
467678
298629
604167
353156
965076
976035
273826
764242
766347
550471
874170
897165
711730
455345
307663
474569
46593
585049
560284
850538
708654
991261
796541
89079
887998
796876
321623
626040
35687
778253
58306
90876
33459
825523
301613
446134
601057
659981
901347
908894
797216
626446
608403
276773
608070
106938
319858
677848
766896
892729
570352
944634
724099
712479
402326
757117
2616
932342
577898
356194
403407
756568
355144
912199
810226
835728
872194
442779
171576
378573
813579
357677
507321
357182
931813
14375
7931
469031
27748
99763
227564
724550
632615
936296
235180
604272
661328
834540
410690
888164
472312
471527
935305
183754
621018
58692
247558
776845
101121
839111
813270
52463
396175
900660
549750
602759
564393
622428
315840
709808
329860
270142
956375
865068
554229
192258
76319
195020
452697
991651
978600
759640
39612
830101
372912
433485
979426
696633
493821
239600
549024
150769
372081
981185
378586
123674
13881
277491
638117
744627
144008
778213
180222
627277
702889
679665
711725
813906
553318
371909
95673
380788
881186
636863
802601
569184
664091
393966
253229
488004
579558
860218
875917
903329
458629
391446
240863
452654
690983
903104
151725
886983
816975
794712
145715
318130
23832
19708
835783
166247
416461
812657
472494
354591
698657
594383
829137
544836
526896
462650
688387
565652
187548
581039
713629
902653
510791
601960
88967
835537
816251
112607
151721
900672
612577
711526
626231
47912
752011
703325
745701
11165
866184
220750
366076
440137
933401
886103
323421
20268
504364
556514
229465
723858
622956
744251
134471
998125
198943
777529
819602
440031
43420
271624
867481
992468
300974
167390
361585
596228
351492
298928
404591
229231
646605
585098
575001
297841
724454
171032
466726
348036
600669
452934
972156
891398
441176
414017
437102
45223
380475
153602
262518
928867
943949
894432
401852
911712
499407
635701
973988
486678
138568
324398
821381
379553
255109
624797
536896
383174
662718
981106
809078
617448
713197
94099
846958
492917
705918
144964
949170
571165
960469
714135
358607
519320
688698
437284
435819
516473
904673
634739
165156
814383
612159
798260
876230
538163
196237
314955
43809
844434
992768
643088
679323
735520
940307
29565
570750
742620
231356
138349
629611
954867
993757
579018
990959
494873
856433
51178
409804
112938
753381
889380
960520
639139
33805
412810
203216
252193
947905
705614
508531
913967
179375
561705
430562
717901
873192
875290
682784
751888
908474
315578
666355
602473
440459
576902
990404
923969
773243
274901
234655
683718
173193
865937
662898
276555
378387
750002
533734
581261
218048
201112
52290
603128
113094
884259
214969
793604
63248
210911
413525
322023
249266
419595
769417
804223
158485
793140
111861
647638
732145
857964
757986
90529
120942
640252
555432
245359
791260
904506
914431
686748
98318
917704
999975
218061
237197
328808
973582
2625
239389
742297
390572
836262
218868
212497
886023
319904
656988
527451
98562
173730
961152
264991
220839
805779
990228
468483
338865
851436
139164
821156
644021
163029
139588
212500
11526
106067
150525
165630
982660
197954
43985
395235
776614
882832
181903
751470
831369
717850
785748
284385
18228
346098
935565
508346
669997
394383
48455
563882
665295
813691
53308
520767
174745
391345
943584
315213
95725
362183
324835
875511
294961
572728
145388
356431
118492
860091
368942
862958
770468
844038
501545
106612
812743
285726
521214
654567
658461
243569
638979
680820
352380
668785
942230
430949
367550
493528
409466
409608
581790
64846
780639
336325
266574
814601
857441
516591
207767
539421
876951
404738
495303
267560
551155
993229
589474
861295
5751
451666
217628
334619
727107
356524
387562
782568
868119
414174
282286
294529
208730
178020
867380
164576
16409
522666
496764
219710
848523
826145
678673
4804
593857
469219
219088
342433
289276
467439
964429
278838
296498
82360
545145
126488
71297
901966
968820
232199
736631
473793
833719
638637
799660
758714
34170
839625
498958
91719
765017
367580
659666
486532
641367
888423
764273
129572
852552
820634
436206
280197
496846
196244
216809
151148
782508
19402
545989
558398
261845
632573
947876
186412
679364
308148
19703
510703
997946
796386
433035
712074
998179
165440
926167
836967
711889
345977
591879
37753
811408
359216
303409
709091
422860
325061
315393
885157
778323
250945
947702
824309
275498
952741
811531
614380
517664
198438
172493
216845
604938
348769
805909
357720
703150
544354
721548
617291
532787
367724
548762
794413
780761
27537
335633
773703
500362
136343
895061
352866
228265
940869
248524
789867
86126
338120
365303
845079
281769
257931
202271
164462
994464
318918
979170
348102
335003
769820
143823
607619
901531
513339
875596
989310
317222
867518
770984
152122
315671
336106
930082
55593
5217
237594
815758
87565
67481
687595
825421
918892
557525
424964
239878
546243
506557
480584
789598
90311
569168
844657
704393
383562
901045
119831
482229
321609
872340
366697
470320
704975
852646
339543
801448
933500
243405
528106
817401
284361
535523
474839
369819
42517
893026
142447
352463
265504
439598
163721
412503
391062
253644
215211
346218
194840
848840
913589
836784
416902
438341
235072
850464
826981
456664
585958
997655
44346
31161
877046
665762
400492
525093
385602
987441
355657
768562
191937
446031
520991
552521
123588
20485
961083
789688
935052
725360
990229
236606
420679
60969
533635
986278
234949
509675
319335
249561
635786
970280
823513
680562
565251
741603
37982
369961
670253
48132
432046
883686
544194
901385
106129
437430
973512
71358
4510
463377
798992
906247
393432
127833
917553
540470
497151
257975
459851
101692
849746
154299
852034
78550
303345
470959
542930
107269
926943
897596
196650
313681
146665
977806
798929
467112
651484
230377
381114
943977
463012
607455
448501
899311
834678
236255
405492
366836
638634
973400
341311
179745
658979
774368
978157
410941
687035
742091
234100
22093
697129
263528
304271
344942
286163
593203
705512
550755
648584
633336
619035
578604
882714
175198
985945
434372
280574
637335
424196
530645
456098
951784
275248
586946
497814
932783
148069
720261
742610
351747
201145
4440
530148
450196
227769
129739
963888
207181
544048
458045
563957
635955
554162
313694
880998
140900
527185
18040
343776
28948
187891
544993
333800
100944
792702
582030
59785
77319
82336
188823
213235
189643
440535
747059
985389
474476
810587
329560
592390
901404
797218
560395
453269
402193
96063
634792
423196
847566
672427
595121
725798
542306
542396
861165
269793
998874
737099
248243
696126
758774
191023
978154
211137
734758
970188
985834
453619
498735
295581
767187
496111
426673
309807
365635
448499
262348
22884
137627
176213
324463
781863
713427
243411
152512
865830
115097
732890
12381
254954
483896
636134
732856
610399
298235
743215
725453
742873
98804
408596
232479
786024
128781
993481
733586
367102
63482
819462
816440
526248
750542
300063
414939
268338
15367
842066
793499
484694
240369
341747
253511
949185
609453
745525
298513
36018
974853
640560
548278
726178
144786
73447
235594
639050
322656
306057
462737
92259
589441
498159
774257
14143
999519
163352
542523
106874
172596
828926
367930
476228
120056
664077
81037
660689
26524
971585
5066
887433
862931
286153
60512
9036
185779
522848
108242
213656
661140
552184
675641
117806
579354
86892
992053
840601
910165
83967
906784
472593
909899
673659
376110
350800
631911
554766
922517
229593
289523
49440
630785
679205
690996
980731
379927
526179
90974
935202
561690
535372
408662
124573
674664
22658
968218
858355
818029
596437
984365
592049
797775
327126
377409
107979
353519
28397
766130
215880
979147
230128
449030
982877
671087
7293
998136
691110
98324
913118
206636
519661
293117
98612
478520
943286
632700
870423
155593
903457
928758
717154
897467
829776
562224
710685
913036
997174
895111
531457
134916
424849
25356
665774
252075
527809
805102
968810
603033
671971
886949
688913
773953
963140
679356
836878
679243
839544
36414
511486
698948
368418
703031
618255
726597
131650
776481
443961
377076
198287
35476
826309
581592
430089
138137
479793
686014
194523
349974
400530
340839
314201
357714
255646
359569
150046
705790
334681
320495
697158
351384
931278
537711
666834
217180
97450
539747
743884
310515
524456
573671
63893
207295
23236
343732
247991
491151
845650
779324
301387
389629
169766
219875
312135
206656
379774
936825
838975
29576
90175
243827
156121
690452
389060
901190
95768
135327
109325
608791
242655
968518
615802
174260
808652
168608
571838
734140
486731
786017
257024
315356
864244
332388
924849
431583
991343
927080
589458
142745
59684
376662
203186
463079
788274
40541
218354
458423
387277
922266
783075
255986
440392
344720
36055
890126
209794
349607
166929
887663
909856
156443
185082
264367
711732
876912
77444
700337
481065
125642
301800
904678
522389
171770
67394
780573
702643
802488
203822
574129
653177
53851
628660
508889
144473
215456
287472
399390
413854
609871
91401
753123
357204
701962
615636
523276
798977
956186
358231
429085
893458
464789
687073
512409
287907
710098
121825
533471
228545
211644
661571
660942
295283
556543
376952
787866
773202
188360
715427
124005
555460
925296
141933
858786
498195
606802
904826
438472
901625
502064
879961
701536
327731
168184
446098
947094
287271
981579
951194
806493
867301
8519
169124
830376
103709
285804
52002
196003
151011
246252
941986
610648
205209
129986
307329
585473
787835
2823
645786
518280
981774
889029
639899
946767
380791
203938
428057
970640
30315
367551
217496
325297
546838
417624
112127
489067
680275
503074
470617
383677
595051
169006
900699
549656
483920
987004
331109
647714
961608
881250
730683
393520
163312
67454
870441
814722
945812
469581
603945
488956
174754
18085
525262
332874
951505
510862
212730
288281
685960
724713
695781
374447
430464
289378
140969
199724
582721
24807
25812
329572
191187
769987
403049
382871
699294
209947
347239
890699
135020
683921
210819
932602
904854
218694
271652
46681
806266
648302
158619
797994
866565
37572
254562
384397
398223
161952
368165
930705
275027
308461
755219
674146
409761
640281
849260
587760
936103
15509
660398
445057
489762
554081
685013
230666
197878
339844
440884
921175
138093
284172
380334
75854
590401
645895
390396
456207
304094
483904
51915
656531
773629
909148
794972
199617
929382
617128
666796
349591
964081
951989
505948
418879
136152
466883
246673
441646
434842
833690
271118
936288
410895
903979
198520
137880
444437
519006
332233
809006
267412
547023
665342
292602
336009
49012
453242
78185
63758
685386
202491
470976
740271
346095
724471
811213
387533
383044
838957
716720
533472
540653
37933
10585
934432
356076
778291
264693
512285
818048
152594
531693
237245
541947
629307
5080
126939
212437
593099
509667
111139
166966
29688
977642
509398
896969
412131
231234
787954
983342
252278
316981
239425
360580
650595
821471
622339
35773
394395
764600
510162
908812
779986
356724
966638
468222
757076
744017
186139
794781
193854
970022
559549
306166
904270
359281
656241
369500
686756
147536
133897
23823
952367
933460
784252
291298
378507
905213
669465
776883
830711
39355
205003
540141
285714
425021
841807
911751
989018
567246
407304
489885
454228
228575
731951
610585
140867
907521
191367
869420
760688
209985
845640
210950
678780
387849
193694
699150
411539
324444
679814
636763
318677
62613
887492
951385
463222
761126
574661
739440
799895
59004
707194
808095
829805
447794
591216
125298
520877
116493
251257
847773
239387
930398
491549
783123
29082
325602
406
953629
216885
969503
493500
779104
64058
28781
225136
389403
978987
970103
260153
442134
813067
591072
98220
734773
928376
541868
87888
796480
459182
776267
734264
653773
564097
69827
463673
643355
542983
96265
100460
845630
929112
565251
500104
160361
789505
967775
141890
641502
240840
83620
94500
81811
639003
30762
354668
543139
818750
896730
804902
644124
923998
520119
966382
39039
792800
929598
684542
104466
563319
235291
807454
434174
841229
20379
137366
574618
412925
698179
534202
752646
409256
285783
342507
154483
691721
595208
682627
121610
644785
703951
519662
379829
741364
249501
242210
131239
23709
442649
753152
287710
581960
732015
959402
462256
869313
682323
25336
887587
77255
278295
911083
353032
91863
970257
710754
702920
590093
399903
908799
711051
992832
98817
479118
692063
745165
800629
845069
486283
505266
736537
479999
572215
41001
723496
495217
611634
944284
244026
661371
791447
288395
913036
234121
78893
122113
395320
230418
937367
151443
667995
69814
54082
908983
201894
84524
811930
586354
897819
85498
656142
992096
156825
90809
675189
258760
853957
818677
846917
110909
828267
837110
435182
431681
283237
623972
615117
501347
367636
833431
304934
121357
241050
727759
437480
195658
638130
609509
650714
456246
288463
510834
530247
187674
434534
526322
191163
631009
326722
636475
379026
758109
232144
54533
8332
780162
433425
936724
347100
814447
456256
363571
497095
840746
546177
19044
468289
746102
55645
47880
271546
4477
681777
978311
617684
818747
402012
661532
625837
62780
739429
100561
550514
369071
435183
883906
918323
370075
617385
464497
191379
48844
771070
614192
177262
450844
420960
480229
820233
897761
387909
52212
937408
339972
803221
953870
942081
798363
213430
889474
908935
164341
397560
181544
392958
2836
18672
797178
966519
444380
974296
147687
611651
720954
483987
184375
266549
156561
940847
941172
343577
821874
34761
713422
321933
550490
540924
376088
817400
825817
59644
531865
822072
947456
708390
152668
932107
924707
691180
394230
853169
748497
352605
260589
493547
623310
915
817983
301895
449281
262734
677364
329884
877479
119920
277321
377558
140965
492110
173326
610521
253333
45680
2648
868224
573498
558626
493525
388938
12712
99528
752429
88585
891437
865463
43152
786923
920841
396891
945850
980355
477978
817222
967042
736688
321391
752961
590909
605327
938066
984914
320318
137917
505486
955860
713439
813904
128829
762429
270000
319871
653873
315308
561723
367146
484339
373130
765876
24872
45865
268453
915616
334111
247411
350469
224766
290422
265525
561171
367853
636576
176433
630360
901492
81103
928963
441788
524651
610218
757446
252062
94752
942870
446228
497045
738320
888211
852998
485755
768703
54896
774226
492444
792238
272317
701924
244687
814578
345812
599701
677945
831717
133673
501982
19551
320567
775482
360912
151133
296207
302839
871203
665129
596556
165201
554048
817212
603247
778323
421055
323084
339834
21361
246073
134409
663249
936009
337225
908742
532811
159740
863770
454168
369494
488577
953834
607664
478553
566205
382497
240322
776003
606032
557556
783752
527122
67207
735545
451816
477001
391772
74304
341211
174679
234469
959272
322247
339229
320129
678156
221134
603850
268706
800371
543833
934144
899117
741184
320359
420267
998674
345612
614308
418600
12163
393790
838077
799906
794782
318044
23049
54189
363217
989300
740153
181673
748299
52254
655525
984122
622334
846224
746896
415168
799667
782310
638472
71520
967524
257889
927612
984689
227470
419403
442932
918856
87231
469431
993583
603722
365561
831437
515853
93403
961757
826990
873627
31817
10457
628700
258811
156347
361775
548444
17046
903822
673511
955711
901830
639481
218351
255659
743943
114826
774473
370177
413513
919236
554447
803045
48696
329360
16622
979027
381871
42801
905995
624576
146596
992099
755192
857157
91839
409120
621329
979290
386306
602353
732538
860434
219444
334522
400618
397703
55232
881870
621109
842881
372346
404378
468915
514368
129238
161123
95692
754556
256900
193728
749007
10046
19749
394788
837167
913359
404240
969678
704333
540131
903588
169751
660958
929800
77204
483261
407826
891986
341540
590849
810802
917103
86136
844289
139024
896896
471779
961931
491123
921174
3130
865626
71031
425061
788444
626193
457734
848726
183774
320718
952635
68020
569280
52329
808563
962559
982908
110597
621845
550199
799814
368539
638788
970146
946855
339395
231237
303646
7764
710845
991059
393082
298823
602204
152273
267799
620946
936642
323375
919513
996859
599324
313139
617626
873646
824819
925358
833012
180909
170344
858520
352699
617789
470490
224051
798351
435553
854717
1622
990886
110116
867571
839674
744887
608443
276462
532097
782560
971753
229703
470068
152113
63328
991969
893635
984633
860022
36940
259376
661795
117859
666871
528638
541162
47452
631920
839930
674350
692946
72450
890525
196147
243171
395388
811379
377438
399401
26637
651083
198105
465710
610694
529537
295807
536090
45268
987022
416735
420909
914503
299368
356625
129536
955273
708048
975675
423398
127889
640871
26397
576415
878049
798933
930229
36533
494245
706513
923513
529557
82502
820128
756907
27920
700398
722292
464822
354763
120413
449874
614021
660638
925862
567507
295393
750749
792109
740914
230712
252084
729188
39256
99174
519873
347908
784205
300630
903085
119459
537684
295731
300468
366844
250483
111193
671793
250499
519776
555845
388776
38817
834866
836616
84823
531941
112900
423501
626842
234228
575025
159635
811512
361965
33274
452328
896424
545013
60890
117403
202834
754962
536985
998753
637004
959805
181353
83383
490064
74184
753927
557016
337678
590873
581697
187840
124378
342400
297522
239030
104324
768032
744585
155521
870781
598460
305797
66879
104381
879974
360684
111836
878595
748253
724465
522341
752574
396384
105379
865916
325431
49818
609344
382994
110115
145036
213867
197589
327247
618429
201374
360673
626277
52861
693252
840455
807286
33870
539513
705886
961447
637122
801172
66070
579903
118245
538092
947796
918139
100129
514282
213494
107446
807235
59730
34451
915390
1843
643164
604713
109285
498606
287483
869814
83159
806228
430333
968264
714580
15529
403933
683616
291566
39556
593935
682545
546994
525442
969803
597098
130600
760191
432269
583224
656500
353378
834704
917266
186787
134151
376738
85960
710388
742628
975339
506700
715127
751895
486022
598444
990072
996064
1048
405976
115769
552792
855205
874160
191820
469019
171074
793921
165811
888093
129333
985913
24744
600885
245985
555295
221629
687847
660140
781777
640229
735857
502049
779207
153631
195954
857597
772719
62667
110314
102996
62664
802150
325543
878687
543639
272542
552131
253300
252388
808312
268943
474598
61580
450820
176706
130698
958087
394894
600880
341367
497528
214365
327127
973894
959123
116530
50608
479433
52070
499223
597167
585181
993092
2943
438440
723111
664833
549476
850007
929066
59839
417639
606543
232595
206090
930072
353768
95030
82474
177396
719548
225637
574376
93442
71215
668665
501082
748346
377444
346918
311856
29445
595660
767335
753912
633896
824062
156272
957715
318177
198800
532933
600714
835700
716714
477133
340541
375795
70664
918959
429286
24166
854725
790790
904501
789317
959456
926631
8226
709948
805000
771746
590989
221820
991856
102928
387660
453112
115609
716899
967072
447761
631189
570875
88489
609622
658295
192650
776375
294696
420725
11742
512591
717654
917205
538637
459592
262065
260349
120001
742584
814669
204846
601678
691404
721172
327604
355054
761675
329215
41433
890859
292851
484025
265470
748598
847035
820982
10661
699950
781830
372668
105189
140171
142461
219802
956881
244853
293160
132920
161694
501395
730943
51775
113585
179749
79165
319306
538259
158220
19079
268814
683187
757607
94976
12618
858226
355370
553692
338027
318546
929944
996303
802510
262977
713877
893140
245495
376842
824578
153238
333882
439946
351330
618957
153579
504438
367253
663500
793242
312829
50425
416477
800397
864838
279998
95650
450000
832283
621492
310062
817486
558693
678254
725733
356049
340272
616174
788327
740838
486293
358153
25171
201466
909728
957795
858212
69265
181217
110482
273601
881577
368744
428003
960352
837129
578365
321756
206062
737693
572156
827580
510719
376918
876424
919260
776307
357387
739244
272245
667491
303641
863926
702761
415859
841271
518846
954931
535819
914680
396245
636486
108279
436274
773444
218579
874125
177832
417802
941032
556797
875014
295990
271288
401206
389988
18452
487310
757864
174959
290870
896242
576189
723525
481170
421976
599436
875541
920065
954470
105817
36172
136297
709159
287669
414744
71908
88546
832661
416920
498860
457265
132331
2084
19331
983425
564894
533044
405580
103835
228562
567852
361621
176015
116084
374410
829573
546649
244924
31397
766160
731770
595213
33811
837735
21641
164020
396225
701440
988248
962322
713187
916542
17817
879342
7633
469671
642163
65903
670543
766963
870430
506455
116866
770181
435076
550536
976449
303061
423320
242506
119642
272364
713311
949423
296601
226757
212163
666737
601860
420231
878593
825368
178982
990289
97507
791276
250405
242553
904114
514148
139127
862271
541124
53751
310431
621687
389123
472808
653231
563051
511994
939171
170103
646515
240553
232367
547019
473552
255736
176383
335301
21319
449688
368309
361098
494263
390972
648804
410163
514129
456753
867385
40407
777602
578361
112481
92226
684071
23402
705137
109883
100299
716791
14778
744826
910163
960355
357311
959159
381721
18365
497436
993942
615747
792258
806040
707142
766766
333350
296958
745024
734328
106055
957340
903180
116851
518099
544451
5552
246853
963716
983895
973477
259949
235125
985248
842878
216827
360019
368454
952252
699852
386549
605283
246242
449365
543485
574351
581601
497805
322799
623986
259224
278496
532855
563529
607739
399446
317135
13688
648416
487088
982693
168603
341911
810011
77655
794150
655102
303877
486306
561907
258506
99941
157120
535618
80039
572233
189023
121258
96743
125569
336046
638188
190296
642014
31496
271398
873781
817087
813032
304651
924807
314619
268123
54904
513355
162602
219437
297360
631928
480497
340504
861237
264683
538897
294212
410995
781257
597479
425801
549579
723730
422552
945785
303193
543123
8082
543062
708985
700984
127009
920261
102851
404338
950129
121767
226357
864296
290916
844558
264072
31604
506583
622133
263361
241800
372498
6100
631904
911797
991505
911093
536168
931911
594756
977285
900201
280082
260707
82250
930426
481306
272074
272288
331070
91955
325259
44309
538425
404553
638872
428386
431450
123163
205426
687686
658861
841655
162825
874404
774869
537456
491960
623413
515966
926037
850059
298371
923020
172392
986441
49980
385975
841256
643334
264573
518520
153142
147426
768525
445871
828809
448407
597595
778410
792993
264806
91551
150464
907870
548311
367230
688712
954299
51340
24081
979799
565285
889278
537739
705504
131790
157832
800709
11576
519945
851526
309142
396062
88395
72610
246986
560804
211866
752862
677191
561091
85806
29556
926893
538556
409359
967104
264180
955469
106723
190005
840813
975191
592807
699314
776258
43695
746290
734698
409748
281054
100512
98326
50915
276413
831772
267191
675856
763556
880919
40072
979332
586439
880710
838298
59049
778810
824211
243689
803461
54744
479170
59438
32522
30428
987780
778517
173291
469060
903705
304825
692184
42369
400677
872515
779435
946956
280555
571330
64444
118123
827123
462851
277879
952346
384549
589853
39870
1828
395353
824674
630138
692476
157277
684028
711922
609896
536753
149579
125362
893331
500259
324370
394154
109141
591224
924552
825203
303063
317064
211332
400898
1467
456483
986438
891293
937762
454812
744869
508463
87928
420417
152851
545510
146658
22062
544722
488515
443990
964274
740129
494263
55609
969405
202244
746533
647335
69312
613972
568010
448840
229937
704516
731686
113909
67910
187216
281302
843199
877480
396525
904278
288892
830023
345446
966011
639314
641914
401626
284974
790332
239987
895788
77123
234478
848666
135978
599892
32411
804255
264074
123585
573510
308668
637507
963276
571357
875276
90457
110732
851962
869607
731290
127458
493926
722419
987731
922525
538379
76477
814024
604716
433741
654019
221780
443891
636721
847880
963388
453940
261605
23556
616262
861039
363078
488959
554682
530362
82160
390905
357760
390360
341860
580725
735646
721718
466998
24466
930053
331960
271794
546094
543955
398876
424776
673379
347911
731727
230068
472704
803525
80321
652296
398255
177582
88100
741789
190703
901176
974902
771721
195016
301188
895306
587041
486895
666074
908211
274101
911959
892737
798832
918861
876968
780114
365453
938552
391220
428403
568353
567677
36577
214646
118205
401471
233372
373228
163201
274719
585306
246708
822581
813156
329869
988098
781171
874410
738087
642010
313520
172549
330777
263613
832422
380170
195051
998004
807904
234422
836680
937926
72356
781495
711842
610584
976489
135728
981561
705680
259671
385335
700107
629219
569167
6161
390593
974791
930778
541609
844624
882804
810117
560422
336829
366020
397927
389663
157507
24279
550657
929157
910869
914337
518591
693793
929044
755452
897047
890129
357724
860800
333995
837906
665768
59814
446635
395056
765684
617241
580261
785918
499
46148
135464
238259
385214
590550
556856
875151
404366
747098
933203
16311
558718
544870
312900
699565
236342
817902
856869
434535
932242
272993
664978
113591
314722
40762
513165
288698
969867
212165
107174
977355
732828
728080
771827
633947
731703
647990
249133
958624
731074
528905
194011
199031
16985
530564
531501
368262
210393
121872
781073
746943
591054
511778
569290
223650
520965
979213
78916
901744
692947
881485
429098
542327
76605
52332
253371
708379
522795
101817
607835
223227
152840
654266
867939
757485
763673
239242
253637
539819
675147
185328
432345
146267
394825
914093
834908
394817
868972
38698
929998
391777
835733
675191
269903
704693
180571
894061
657365
650922
874231
262810
764504
654843
73943
983489
560456
473739
507273
464396
388246
330397
592605
499640
876566
589567
609708
136254
400989
336842
408924
488834
124164
752691
844133
207530
421661
343466
441923
674784
247241
71730
712452
937730
286402
957132
707693
484405
553761
156988
843579
374196
477682
14958
54157
342158
820623
679624
963422
80347
226876
822156
980203
582019
249622
786852
638081
476398
773025
661896
707257
987725
615029
443462
410636
634424
144215
114712
48588
156896
673592
235184
887048
107573
768997
28691
7029
95391
832342
600502
674678
45585
467026
332246
185269
546022
163395
420642
379498
22959
718178
79572
371761
391850
521937
673395
3269
790830
574581
531533
721814
445663
973589
77190
277330
404745
317457
237958
300178
77569
721693
836067
426163
274622
458983
674585
434524
715088
377774
795527
517705
527784
473703
41603
579357
973099
662816
717447
976539
186188
674699
976791
924478
323198
349568
471862
971064
735050
435750
106407
605102
617872
246911
648089
685993
222286
165656
820657
64412
593566
387294
412680
542774
652076
771926
741021
559371
833826
348040
978065
448383
633810
501930
659051
419942
321913
918809
298830
163215
156031
746288
890814
253631
398160
456475
915724
449876
198214
387832
813430
228822
736743
699543
920491
115904
490271
380608
424162
145178
492586
483507
743516
614415
232479
132145
576443
25017
893807
658233
84662
19886
762882
36926
672199
771724
23467
361351
102743
474856
545197
734807
288425
213423
38825
973502
146053
144340
936745
736944
739368
927968
606406
686935
162317
600719
890485
399679
407606
433185
32114
177035
211934
625442
471354
586076
818074
315642
386783
463118
662958
496058
104408
653674
468495
191873
203753
378325
941673
44943
506353
697199
527274
946514
15103
893472
430484
722656
346042
627637
352496
997585
804816
981214
640168
517162
167263
939261
590757
38378
974057
15817
630526
28805
618760
131338
62141
903778
979853
927255
414397
179390
545188
721767
307103
568871
113851
540136
383258
127508
902837
438758
343674
47262
177764
297799
930094
950268
181159
258183
670731
928368
963262
977005
275421
924232
690479
157195
187396
589618
69606
207385
686323
639444
650408
610328
992290
515205
340261
602020
910902
916134
759131
710829
68228
520358
623970
295159
453022
361649
880543
853620
869410
110934
459050
424431
817821
175080
246408
33175
933034
891794
830213
667017
652067
942512
663341
241358
419909
462520
50164
93963
62427
480395
945023
405218
293086
940626
157838
279210
446724
375504
857397
948914
574312
426202
448371
747062
525104
832899
139549
501843
72904
160384
252920
136009
448278
812267
700215
957280
648688
651083
445393
821004
195138
603536
59652
898647
97971
133365
339546
659828
822231
80435
489268
699076
631511
137155
911515
279544
925135
162374
94509
889582
710927
803337
448032
4119
40934
856551
559813
884848
971899
469652
507102
976070
712932
950767
322365
247269
520175
898853
55714
768273
936785
710747
631107
911477
580697
30486
896892
923819
942408
52594
812950
740558
301931
7680
966326
700688
565555
830490
425516
51569
754445
204967
495813
836259
328572
423041
452984
96672
604601
723585
355831
449491
588665
644705
905524
57838
847069
514874
90758
521622
307724
43450
499551
575543
675448
539711
357586
702627
749285
439710
345165
108840
714302
347857
685770
843036
406589
430936
870319
726260
523404
335460
47014
344029
532157
265554
225472
415471
366089
444000
716970
795897
331110
101885
683697
19826
290029
113171
963167
615772
459439
335077
464617
965680
320247
495028
804462
285685
756030
721948
85911
249327
682322
564220
642025
153580
144024
128930
974621
411478
564563
821461
543734
488451
463297
504270
400933
416543
144414
205996
255668
194579
9173
784339
305179
520808
614592
334145
925184
599825
118920
572978
740208
372168
265545
121057
709315
424981
61835
18660
411678
193213
843461
72859
164781
547290
615656
303908
597135
421424
613468
856132
432883
273315
73788
987987
553197
424105
465067
62999
252985
767633
849142
753575
783100
795888
452630
364903
690910
326539
822272
532501
635978
340343
686520
2060
957380
65145
218765
402139
663552
860212
963990
630664
372397
63204
872813
398321
414104
857263
628756
584465
828677
672082
297056
114243
725431
879952
480068
479067
511600
977833
728628
803627
834345
877875
673278
176714
221297
421413
457189
851973
288074
701872
668885
280231
258945
951129
104659
1443
343381
781737
861425
353444
53397
535933
459829
955289
597748
111363
355855
489897
218392
875733
389144
58348
294112
842616
590546
523027
411780
630391
171948
122834
89228
539617
278221
973298
734673
646129
556530
619773
841582
914673
399395
235573
785277
284415
544544
812399
294980
107733
564354
127182
331897
787291
620266
836855
862196
527454
308586
56175
611909
834605
359992
905754
364717
342012
420628
776947
621351
925399
598395
109600
906186
115336
572584
922828
640949
599882
367565
435942
368370
42980
975398
943304
367509
487195
564098
393702
827079
241436
121598
173659
356569
839900
291664
826257
169975
95184
517262
901329
34340
971963
827708
766176
890587
260938
882245
680649
624388
782869
419537
127889
385167
563643
890131
408168
650944
958770
304367
715434
705852
699447
504775
484840
768828
249976
613411
941575
197812
304948
372268
890730
905420
275796
741675
729299
67114
925037
419852
682519
958883
3413
333015
645010
788888
227770
339666
741175
55022
688520
372107
779947
648785
362949
960479
59867
56376
804662
752243
374249
827900
24336
835371
570833
486209
275977
856039
971759
36813
40841
492347
503643
383814
919570
914823
613813
722394
588694
320218
540
683089
373567
916696
657633
583349
661163
829338
539073
675165
616496
848192
699131
729864
772346
618728
610895
321445
530391
997663
610281
900707
87437
809912
627719
955021
546598
138727
880318
834525
440280
317319
757012
509100
441644
369964
620075
583030
316293
670781
276029
102556
513805
456555
793186
391078
863490
530207
646939
4485
63409
714194
149239
54110
771310
983896
354100
750238
761361
964288
501335
112832
683641
545577
384001
138892
978802
767937
555618
226785
933889
237412
389134
453112
13813
85782
570109
849949
454820
476568
373936
771285
565324
239822
333281
751431
510803
321490
705241
739119
759195
974578
71077
762409
746505
807419
594931
795529
811496
627046
614952
303910
653079
286542
2791
368292
578975
188880
203118
653678
539105
646680
76390
957234
8716
259521
462682
568772
954609
479349
402244
520334
872483
217686
677095
892411
91490
748500
462233
686250
762612
244348
143746
446481
581329
612339
889821
850449
917831
892118
101659
741829
358049
348033
556078
734023
896039
930710
405628
703235
708847
864356
527515
622134
275951
166416
544938
692542
903333
6179
531558
991877
115879
955369
125639
479434
241903
919590
446839
332432
745742
504397
860333
572840
132974
110561
578404
914774
320651
608664
176075
170902
241970
143151
924804
393615
610874
81540
771336
905492
609831
496750
798329
984948
420
296932
378814
910090
988374
157987
798619
110781
248996
111665
706483
584537
597089
959543
677305
254902
302100
304941
33809
980503
897597
892249
118239
938180
648324
131865
882245
814641
186191
552784
508477
159778
82235
880883
364327
782462
796967
467757
977404
255420
886245
594203
472328
695132
809432
496631
21027
497075
60446
345910
359683
441864
744478
788369
291081
305872
87204
282379
534844
894261
947167
529878
473028
889683
248196
835219
49904
38440
573520
51787
918377
651269
610396
932974
743109
930279
871843
275085
343233
35062
264598
489351
497052
597917
39157
99315
94068
526840
278313
792907
573349
552091
611275
743373
442618
226837
853809
492909
189006
343835
537890
109896
814829
322932
427428
632343
173529
791353
428273
936965
511294
673217
648155
204145
694896
863020
689468
913960
852234
734590
9937
46146
690960
595530
737318
91256
927055
762857
597558
949404
652770
17387
795182
79683
223455
169447
121682
78605
849662
177080
933694
111293
760740
244912
14902
195020
429079
319661
292669
70388
14827
774586
906409
795623
890808
278497
84488
791688
638011
676689
938675
582161
860987
512545
60019
480086
755083
2842
627757
433301
671578
669911
647261
730352
819771
918069
544907
666969
606699
284340
680215
561940
603659
860486
100022
314389
817409
523292
69004
810213
936799
384122
173951
201190
57677
988220
958762
549162
893307
356335
117888
589931
318266
372743
170845
844303
986303
921889
502336
547379
198246
332502
482516
161141
972286
182050
742334
75138
471763
296122
161832
303462
967439
679911
479580
328834
799200
106418
45760
705617
69165
948141
765812
922900
293342
350045
797392
652487
910535
912239
351434
744236
598235
314489
335931
481076
361196
796285
212960
46469
974175
414303
397118
977873
282437
64904
902926
783552
110735
9681
812579
90622
177317
850927
474993
339826
658829
206967
873448
996814
996766
688640
85132
785481
516056
388291
134308
713857
833043
490064
562149
797854
287966
58983
705712
755944
224672
415006
323967
150438
31621
524285
10771
554258
150028
775367
519973
800797
55153
622773
848804
383963
944704
679226
170802
366298
215639
750357
271564
719176
207135
11277
845998
383507
474404
130495
114402
30253
382865
55878
292547
981217
972260
931373
861336
28973
309150
737110
838191
390414
439696
432667
619575
517533
330686
16050
976103
881715
879956
702421
142
491769
160760
882649
284113
187712
51845
599887
999864
987255
320558
249830
566798
955702
924825
553011
250689
239459
462460
460901
894368
658797
631170
766944
304646
52907
439061
490442
173546
773060
51354
938997
897705
175578
312371
537782
345113
949662
387323
164148
579182
880126
318233
933311
58922
590383
178580
564397
695636
687066
825980
260207
622318
853779
404732
997368
283018
32027
218137
272305
834436
351451
118982
825617
191271
390755
727332
931618
118136
992645
975287
635832
356127
984504
538374
521395
417374
520297
946127
694779
488000
237184
571876
82787
820802
565063
419787
481878
322747
217454
8841
13899
851804
812681
403193
390515
519443
794137
43410
544001
982831
591715
533838
910372
694632
624756
113557
223945
773649
350306
610289
787695
819939
664674
122948
51072
263998
697774
2046
354297
945409
833935
178149
151732
793621
961089
603992
970282
809703
60071
129813
785022
998039
561647
363481
367186
605062
973047
153636
697123
902042
434569
958561
430007
766786
274459
146141
786254
38084
199747
758958
618986
325734
599612
263225
709935
959813
256735
629962
500167
48623
139137
284578
12895
913043
123353
42098
895950
908942
141005
201073
379295
629815
419335
187798
449244
357843
853364
387477
621653
864277
749678
246136
275455
807959
550300
550190
329057
224812
477721
189763
997695
350838
974374
232807
202188
937990
460583
930606
468278
78771
699302
581725
925883
772393
88891
166711
932318
152728
261215
197920
422209
63659
280213
60844
229576
52579
972127
699576
920226
894455
102495
268621
780705
95378
218594
444688
850916
663805
546427
429462
771517
907149
557141
676067
376675
529694
147955
194370
11377
670592
527535
725212
593076
975741
887181
830457
312578
643831
504334
917176
851226
536688
700993
467367
483207
262835
199703
291125
715450
664455
344639
356631
235059
230786
687242
347614
46987
996299
191262
824414
741580
289954
368988
315960
