521471
441146
308234
707466
178835
954696
284383
532878
968662
409135
217336
760156
427686
53318
847370
132804
220004
741953
509031
978179
135951
940857
250153
758298
469542
240814
214593
46700
394549
285636
469262
346657
567907
237570
193461
105688
296136
725072
768021
4273
935627
342821
70467
273347
873789
113645
560791
186064
974129
104383
447382
658986
4745
875151
816171
320850
317082
722068
693155
6188
5640
871023
242265
401509
337394
602451
301162
603260
830894
920341
436406
196143
723963
168283
632896
223756
531909
713963
536625
928501
701933
365063
111525
350322
954388
390169
332454
111760
364973
185279
94093
11377
232765
50897
614900
461426
252774
601983
336891
927790
617786
740245
793251
527200
932995
607079
935074
374297
217613
575242
640687
379323
863409
376628
539644
744627
339342
984673
994928
322804
612980
803455
724167
76183
506068
415541
202332
665146
38204
489279
501589
595250
685687
761739
47739
354535
168422
610718
860172
355760
355618
703609
495159
610618
440060
295977
135112
836601
576794
85324
845132
591911
663313
957186
484629
640880
456759
92562
938620
707699
448977
356403
43091
360820
420280
685931
430331
817621
393885
998013
39491
638586
757443
121025
575562
536234
669616
352094
864017
901392
815014
885210
514439
756207
663623
969207
464606
718269
341783
182665
438721
33849
675244
888449
271683
164900
193530
870958
474218
853095
733934
972104
129635
186441
417445
660391
54784
254837
463948
992481
828841
515541
125469
944775
818007
914791
527659
955269
322118
8262
293965
733641
383678
813546
87120
177353
86078
945445
231509
137146
270454
304
319511
85813
683730
1821
235148
509704
684495
56075
689132
554645
93940
449272
978900
574257
824566
834647
47005
158530
945595
880598
590384
125198
396484
428115
419583
495405
627728
193152
257519
692765
503213
19858
567293
260261
557200
602268
944590
799459
611571
68027
911083
251916
112976
929765
946287
992260
926899
581922
150800
573188
869316
905185
452829
829086
23954
898110
900785
152628
435737
950105
916002
553560
396585
46849
271183
15729
283731
123621
122308
818850
572695
939400
982747
734086
591732
583696
387678
694468
103887
19046
13770
763591
101307
877696
790472
210284
178185
214451
816198
431284
729159
236187
939741
948656
729870
926937
148876
935990
889637
465300
901338
952630
239719
466027
158503
513777
299359
623189
7737
360240
537596
733098
976701
15570
829680
933907
33978
652500
331515
721055
384486
960627
850240
573959
125563
231268
317813
825363
559504
41997
746524
90098
117868
940478
612132
276512
331737
507699
753319
318054
318539
325034
639656
509428
124008
82198
156570
328041
426429
927153
193385
104038
975429
200046
810855
639660
23529
497100
836819
801901
327280
388291
542810
598169
321633
357040
518316
674951
784927
773573
610174
730829
18610
781444
437855
264616
353114
884340
973930
125809
866841
566165
308245
159045
582788
12980
963441
67186
192702
344381
113545
723844
713243
784207
657447
449269
773267
544713
250523
401070
111520
970529
601613
632256
298810
506419
455956
234760
320635
36781
91511
618438
633685
491597
821347
818860
405106
80553
757368
964334
594244
433249
306645
830832
155136
138342
342030
599842
766079
582366
738052
893205
473007
610927
201075
267422
674007
924432
943790
397945
319871
386808
907059
17437
842500
245044
323144
698555
288235
565633
859270
252790
230310
502947
666182
655046
525560
376341
980753
551937
71007
567471
449400
535011
956231
764806
606499
944966
385107
861562
303849
3228
707571
191568
799213
275402
509313
206324
75224
557238
936837
779769
146635
758477
856385
318258
423565
788496
904755
273964
471780
182075
43503
538020
705986
580879
924464
291841
107658
740328
724564
469646
468381
26053
373256
302143
430612
723399
368433
938338
317302
597246
576758
562655
951989
876552
831055
645158
522608
884972
686707
822022
131333
698716
753360
282020
976857
752593
50988
644301
894009
336571
555680
651161
578962
868912
316542
392159
799553
407779
16282
901710
400331
478733
445613
393159
759211
39651
218428
829034
828523
630493
259834
592267
382280
245823
676419
895069
534340
857107
349086
277835
924789
385027
324240
699257
651342
684784
846113
791747
611509
297340
422132
211709
933929
926852
6081
974087
623320
931954
286569
926029
446364
548805
59743
73902
692045
352375
887098
422633
863138
145036
979183
839925
901597
54060
58759
995894
84179
661585
615960
111014
230835
941032
757788
566341
532333
420804
881751
951781
526913
713004
217971
682339
576137
240882
205147
935945
540429
854911
323697
273156
219091
624856
225685
505761
663428
312325
401107
704371
855130
870312
744656
30083
583670
376084
434776
431683
873901
309408
780346
751704
578551
348365
331157
44957
419374
31851
887315
859160
436013
580020
647560
675084
664150
986645
778301
41425
395310
787995
981403
382550
479172
611490
700164
975908
505787
933836
497181
230425
955824
378032
705895
108723
59421
975210
430928
759590
250967
605059
891261
138067
647044
352040
262944
267700
944524
871967
101167
287225
326293
559475
333070
367771
109645
174857
638135
915179
369642
579330
563894
989431
332742
196745
73853
215371
293501
45853
872758
691215
795189
75674
693919
914247
237275
994188
370006
896730
412533
192761
755312
341
780364
637527
334486
736152
196050
409087
426105
574654
878280
49823
434083
976311
663647
972203
846712
207855
49632
795262
921168
710827
254631
450913
708658
161792
688784
142823
776676
857313
791268
863161
807918
554126
81011
472260
98216
294881
912752
524022
284917
971547
869025
575518
808937
275830
692804
56327
772840
807423
954687
541930
740025
975087
408223
175515
484042
97644
30427
848276
154341
435580
994568
290876
566829
69984
575457
245258
360518
522797
812138
951988
968265
685996
368836
391400
836579
826599
308615
632882
100396
45491
33375
60697
345727
932981
431725
814269
997105
157506
578601
418580
75958
727210
736782
983166
664017
84451
547528
613112
5629
519580
702019
415720
805241
723238
172916
414766
507435
943667
460583
475944
329476
493538
348244
39248
69600
922505
883213
667306
469822
299082
739527
674073
66501
946164
675101
683824
937984
650177
617657
736579
180605
582489
232723
613114
505930
535603
611825
952474
620573
852882
745524
243105
445127
505756
937036
315954
353453
963949
158984
518643
864911
621392
459526
379572
723261
141994
356693
459496
991877
157281
836905
813452
365561
845143
952773
480274
356603
491066
894991
340266
622476
493889
321046
149234
433396
491681
38275
56614
748851
516840
690072
182450
377604
753059
253536
191625
779334
885972
278332
543989
884837
526410
623499
370627
20246
543342
221789
383063
483227
41844
821455
32065
266877
459507
351000
765809
421055
953908
428574
18474
710018
115946
937246
114551
606643
740800
209863
903268
99318
374437
15695
316533
307638
581502
358713
369289
787121
939393
569999
281154
185773
578749
630492
390964
16536
438135
58433
35259
941677
962698
610900
577021
728927
203757
963978
267916
990326
853388
56157
77873
53340
756691
856298
485232
425548
731577
793983
515935
670138
945666
787057
642575
519535
208184
963764
362561
864423
372373
173430
910050
566187
326256
245148
218963
381912
334246
970648
933997
610151
366771
315065
666263
658913
734883
618976
170907
132059
617844
170727
459676
363310
39106
548121
352517
16331
577188
459582
301087
747869
479193
606350
5443
634161
880693
215776
14033
447387
679860
666407
332374
925521
118290
281273
870021
704684
650488
64285
291321
159143
901532
658344
767632
249809
107735
38171
683320
845060
381783
943956
859815
11818
27835
344627
749242
8490
879118
410417
872311
733652
885077
35724
568016
370446
773589
487059
342862
578632
683502
34296
989110
813789
325438
929647
104678
192520
520425
469841
55158
79454
434007
498535
904223
738955
289896
374045
758707
133502
301359
540658
540079
26596
893724
195355
88626
433412
549365
253935
637973
460177
116139
15729
825996
949389
357429
469696
443591
775274
316026
670765
464344
102467
465383
922628
584600
362785
194836
638818
681390
904325
650794
167257
369777
254405
277635
750051
181257
64274
964994
750919
802253
573193
573701
245414
131944
157999
115837
289453
56903
230256
619479
880873
516642
624672
944716
297568
549898
374582
223856
680331
463557
431845
405294
967490
722824
548906
369401
157099
363088
562049
387770
528681
978309
485935
838293
349625
822523
977365
322460
301339
912492
397716
394930
780529
500779
123954
412080
989313
695370
808909
466644
849339
929787
837122
738976
141105
976218
391813
630460
39565
606295
96592
884279
361671
181153
230248
848681
639991
968787
309055
10578
869465
554971
201657
460877
494299
924409
203403
817059
401122
437509
435129
295553
63001
965593
248436
590348
88447
777172
604329
718206
681934
804114
175509
886946
608264
873383
506008
102004
371459
635166
94984
416428
650417
42684
904908
899588
674510
675581
976383
626966
858600
935656
270172
205374
839915
978100
163025
738052
617761
943121
921349
597592
707946
861387
58139
687906
661028
151033
548190
772997
63587
210489
988123
743733
974342
786699
258681
226866
127748
843439
699912
171844
631506
504222
558581
675443
28697
439105
417745
169920
615472
213700
789064
574002
457446
478565
598285
895861
90733
32834
551172
107099
546939
114243
36094
856881
481686
956204
979644
309135
150178
832677
146517
489202
137111
279150
310860
498835
375351
347231
900791
231006
111340
677178
819438
51348
622286
488770
902618
716208
587060
933528
741735
342396
192390
562364
520209
257875
27345
645699
103762
238680
744893
666071
502253
535592
303631
361639
404562
848298
232692
753827
587443
744633
776740
901906
525126
173883
22548
799698
866396
306070
267779
802804
74154
737827
480681
631424
440040
846169
723600
399664
896768
910558
632465
308371
396715
211113
595780
431712
740320
266219
275367
877424
792949
657403
449294
521476
158141
674648
119977
416773
80385
502410
571140
833388
150827
376813
903469
842359
727393
936287
749340
496783
267919
998571
46907
823922
336182
1144
64396
618605
123121
405758
355623
340744
104867
795751
877948
230968
736264
603771
41003
762159
336167
169215
485879
996656
658520
477549
606237
784594
427540
570351
480743
171679
684237
17619
22363
359371
48677
528351
799881
83843
246103
182948
599153
585132
40522
82681
865080
971727
805776
219333
446258
601222
839719
59705
964203
276910
292489
86846
875474
511271
228304
676721
572953
659472
292332
653003
84980
995861
980265
22196
45699
311387
130411
955926
918932
740107
129582
233383
496754
781818
615941
278998
860181
566942
10145
369499
458547
369557
801888
551141
946521
784561
915341
397800
168740
787282
734331
711859
932426
113320
134285
115951
236070
239776
37754
997856
617950
78209
3728
944379
219966
646971
581135
690693
414015
539827
281856
460520
161812
132113
838652
693972
771757
755418
488172
592422
704172
844378
942385
425227
196011
471118
61518
105916
426306
994476
272388
830500
607056
628573
769310
325588
946980
230602
14770
317875
29008
762627
331484
649798
736541
745530
796907
378511
524629
664361
837112
581229
647259
401508
597997
591892
956006
334358
718923
445450
937970
309196
341366
640907
306651
473692
55769
628458
931750
503028
744052
27330
339926
711087
219770
227350
913605
720982
6855
380376
668392
655671
487231
494978
727655
81179
936502
746599
484391
373147
602125
508935
384834
235279
239005
112566
340040
393839
15430
212214
261240
148315
973941
423816
817271
809014
684988
954349
82641
250930
525364
360374
147258
578656
856880
286140
93021
57174
104385
727153
21901
651878
458089
813834
785539
292182
649586
880948
275121
847397
276081
289481
815016
797542
228538
59997
705180
792595
914604
380710
760156
25025
478570
364213
187263
805620
47397
477518
300259
163093
15167
699255
57687
968227
447045
866615
87187
675213
773396
69812
902198
342564
252392
876889
961681
73268
919390
766720
538081
129607
202799
775765
214128
630809
127793
115266
464170
425528
980988
621449
204240
429757
323582
647741
633435
374479
575996
83524
933417
192993
367138
666789
258789
686646
683874
11752
11619
593102
781426
196653
594747
5715
581687
39176
969590
971723
706351
394018
299316
478629
219295
119556
806766
596292
471921
738232
765971
750821
565139
123498
775100
656731
383627
193680
411589
280933
162249
84188
92622
244825
739651
425357
535775
568253
85727
383290
252013
519786
323538
769102
705579
2556
968092
145382
916523
63369
904256
653271
984610
962520
202615
927101
337097
947491
430317
635450
770290
976958
299968
854682
860010
41526
731615
582309
982424
413960
154011
636002
199511
696038
845218
737541
653342
996204
780370
375216
904594
86464
197153
657804
286776
704212
877470
609549
592597
301073
31895
352580
396717
75063
526502
668969
961371
369619
534905
428115
204164
683451
247198
542694
996043
411225
116701
989594
408087
593842
462847
31328
147367
535436
119555
354970
620892
876277
184576
350519
236162
901853
180931
80359
378447
707094
577183
22863
935466
135680
228879
808724
436843
350911
2833
483701
912522
161886
454820
529875
331737
100075
901291
629339
248957
722626
179537
505483
261767
647369
709345
249036
32199
472646
897302
423261
495850
525508
678401
422250
879425
123831
250639
456128
328895
226429
112582
667320
314002
547390
370786
600449
116942
947757
514828
491102
431344
809820
274077
70575
206073
341086
309000
609645
987588
135015
269440
80265
698807
850002
73345
873806
361927
6317
977860
220701
86964
399794
165746
718157
233558
359216
100222
208086
608456
735131
889431
450068
953980
365502
863197
409277
248510
293711
157186
704900
217726
551154
148900
433010
529551
205096
878198
833696
270244
646234
737891
760360
730126
723367
867686
601219
918179
942728
762345
686910
122200
923912
660339
624330
44294
718102
978367
441230
469064
885951
133362
839265
836717
473143
925316
781835
348124
782151
51838
314547
803769
682800
924414
519025
478954
860145
118339
730815
814134
619409
938866
586549
138043
993524
605025
618102
280830
997295
399840
992552
605861
438976
370460
203023
504924
992257
45058
899981
601774
933236
682537
445013
772326
849095
141166
278671
131943
688304
992225
659498
677768
600551
901398
541986
474058
1107
164778
389872
558262
239770
510534
218945
589999
315589
713658
64782
969148
108745
539816
601260
345382
503768
275474
232217
922974
51437
135694
294856
846392
449051
44747
990045
57601
437611
201935
958313
408841
659901
73768
701389
833338
372611
811444
339901
621517
584637
399995
183531
915458
134889
570983
515055
273477
704568
959255
357483
463836
586362
371420
155376
527451
219543
279734
946098
187805
969357
842556
670740
391676
71782
981867
616097
122378
300842
454883
82063
470086
380043
30247
652391
369916
615215
733169
960184
491972
452855
912960
964017
42085
608807
953432
588076
162959
466999
396290
451466
121293
131793
770982
560210
315353
288119
938511
295908
303099
995578
438056
177455
523133
736284
43300
991884
349183
708466
920437
488323
856964
313795
785650
184246
17578
671945
817881
145738
953423
601020
296859
885133
528592
624382
367287
496578
594161
555635
294001
210464
901696
693525
939029
428839
268846
735621
24389
172597
650898
185578
162506
688808
392420
682192
396882
8254
898372
641816
62278
15535
452503
381204
958388
721168
301781
56040
799241
245542
825878
317628
300026
488880
406594
43353
296514
563478
325672
290555
369069
736765
330212
167505
542626
808267
261261
901228
528536
414252
382085
775624
562178
630329
399595
95032
183592
737911
449016
790593
245323
599766
801093
717940
643949
131109
789412
878864
648781
98867
928897
951383
506596
416147
242194
29763
773147
624142
749576
348729
825045
482351
741167
592147
817526
25598
349205
998287
405184
327969
91391
301230
947267
315605
897001
330886
978246
944104
424228
763024
44603
136713
484649
413035
464591
269245
137095
33877
260727
502423
741238
800410
869296
243977
563031
496328
81282
991656
962510
648793
178635
234305
6379
784552
650180
852242
192953
443838
891776
87565
851553
828654
110995
694653
54281
938441
881272
666045
440604
761545
503212
951273
849579
873170
610052
952812
921390
330669
47901
860391
705522
172574
930475
382286
129929
510072
23081
383370
414895
224276
338808
60146
304584
831509
431668
385607
872680
812295
305426
891153
166510
68000
474369
54048
741791
917282
90187
795569
454261
646728
625449
870821
873431
549857
110208
111185
512732
46065
378790
218847
206347
312372
330289
11713
361654
33484
137119
117417
947186
102382
996254
338516
958565
947426
800929
412800
734128
128036
235796
724527
870555
17407
110223
381034
70603
242621
68042
688214
173585
619172
286388
3640
532843
481973
753709
848977
69729
436205
309160
480307
577851
774738
990097
731215
517202
472344
287590
966913
382655
528849
156582
51043
879615
467275
127710
662457
486791
945858
769430
176540
274424
126960
739232
383483
270357
14226
858464
817199
865465
577909
200054
218806
319204
792204
49492
431579
877605
204033
604017
962506
386884
309132
467811
687556
874297
902093
669563
16103
39444
362174
21600
626361
384483
777226
809822
282622
288207
48049
968990
529083
674674
491945
255072
967465
642794
661511
381637
401276
690143
620894
498099
72714
300465
51444
962688
821833
120448
908970
308171
90254
884819
59685
738982
89616
527714
878818
989971
917683
894062
278300
12832
353485
122313
947862
102913
835792
395253
953834
340768
790005
371633
783433
834155
446498
471164
297303
573361
121949
163459
388641
777171
870959
193410
41137
588928
120936
521745
896674
820487
727276
258262
527787
824068
938430
440183
549643
981513
621597
456232
673064
200460
652168
131638
829436
457571
720449
924663
703526
592189
58064
985739
242413
695059
355792
990849
604815
791771
564337
727593
656562
209001
992562
697969
914878
725830
199782
70582
515604
90476
130337
595960
975745
590427
192601
841843
927846
277711
937896
156942
412611
770639
382295
824514
616917
532117
256985
943275
184349
486038
864243
303948
891509
60411
515512
935464
815653
691428
393279
252784
188503
958918
321229
212100
81658
196664
706767
413068
679266
995228
785128
598885
154207
978521
121384
718691
517559
547836
86724
146349
164117
442359
7258
774894
992461
414429
458023
7168
889600
660887
732500
590269
471180
808523
370395
60811
454007
549725
866832
914219
211444
441222
757255
268443
47925
156902
262041
743988
625546
782007
973687
721002
799996
190462
394623
450981
166529
948693
32953
930084
719418
151805
488388
749856
711180
727817
501935
92662
3646
379730
531165
780592
627139
169354
969303
785064
157050
85850
262487
284514
368306
959726
586825
286047
259326
649050
8162
990066
931549
537580
275918
945592
652838
687330
837012
173828
106473
920719
445090
222105
62864
696747
693405
16567
244249
136693
194490
227374
213274
59794
139290
820872
448791
210270
569151
643979
550617
327168
630435
447245
914727
667694
379142
590390
920589
463948
214806
928505
281747
750315
722116
54285
230719
316109
624817
101737
54880
927261
667599
624044
657490
80548
179155
951725
161056
590918
852249
513079
713171
938652
806822
428451
728335
211548
339656
414282
692733
686948
184931
108617
598362
532486
294316
519275
744046
960488
927364
418171
313629
249497
966283
833562
54674
988524
625952
697956
936117
456190
59566
512332
993451
241971
33615
150493
373580
488129
641222
172372
723166
937205
636017
341635
873243
326654
955486
104640
630460
874493
942680
399360
883270
578603
422373
222737
478720
25816
717506
181780
544818
852262
212983
678561
99319
479505
45235
590871
315706
196914
278094
949170
245795
724435
79804
655452
727016
154657
965549
736224
61268
895191
6027
110242
835123
495108
697185
986703
400800
351467
915232
394758
257260
65564
142796
932998
456899
31415
847936
356565
479926
15792
194334
967343
55699
974760
805762
586689
152526
555503
74788
391604
237846
590470
879701
943448
652672
190909
797382
104740
34936
964900
674180
800412
142559
226365
123684
28146
519691
189447
686469
70391
27328
81665
210006
400457
923802
875726
13458
877125
698219
902024
796482
598067
215591
790903
944514
693752
734806
44198
192186
926393
86939
358138
975805
413112
21954
412431
676446
781164
878693
816988
811601
207409
917417
549728
798468
347478
251885
782105
232552
749512
911076
623837
954185
460742
421320
61999
412858
165405
221708
144670
166437
347652
167721
101307
148809
27495
921852
917933
127208
540936
236674
879295
774178
67025
338201
128292
573707
504111
249256
486343
592381
498809
876015
194429
199131
714537
676030
301272
392295
476875
761610
902948
364481
163981
125671
824862
19756
322049
187604
582006
595889
603110
977363
895391
886029
37067
643097
170900
941255
217959
307857
69900
548337
588853
332479
357280
216287
628995
795583
885661
571267
953311
310990
292546
237062
592024
474362
241724
739482
7293
820518
335100
405727
322842
494609
439946
753278
90348
999588
212
336016
110600
748365
543718
336981
980349
375310
210535
168206
650307
129616
204020
576904
334277
704273
28158
690368
589361
919600
332888
190161
194287
564839
69831
538380
84904
664753
476543
692269
96187
426994
963711
753082
330074
476913
460806
79276
158755
251781
448956
621903
730750
586081
537616
402318
621252
491701
874648
149037
38084
441255
835228
182139
230326
895728
437698
808940
308927
122309
669601
919033
373030
939314
644210
556189
54911
381384
485884
825224
827512
336581
97206
348433
226334
725146
970745
607627
640089
806997
138849
391779
426476
889482
521801
201159
249069
241028
888121
515925
228428
186569
716721
344012
491432
462350
829693
490756
522435
967390
970874
395330
61833
148418
72807
174428
628255
833743
94414
294248
297653
316172
10608
191984
693294
821001
684658
670211
357239
881264
914513
886838
214416
581394
82692
220710
778493
382378
300791
313998
30347
282489
966936
557243
705615
668834
697350
636890
111061
422006
293122
932748
530457
112192
853127
379873
983761
684128
685535
112300
828369
894085
971627
347850
41035
41300
875190
599196
672900
936741
373250
741431
965192
531570
537528
174454
484563
44930
545031
745101
205012
833641
432791
1544
106485
477625
642025
721016
360140
833518
567604
921036
770457
68750
91726
545158
35030
528354
100830
68927
356601
79923
943098
631754
52158
917991
340166
369020
955957
668696
713327
846709
41570
450122
199522
701388
916158
677123
673000
232169
139767
646435
106416
80238
101412
334211
767815
556596
770259
461389
449811
654954
344497
244891
970259
36605
902403
16975
871709
507477
618389
927163
773740
645251
164772
266784
345138
244850
514072
186354
792707
44725
758865
86444
841049
48099
214948
68414
542485
977865
457110
687449
166679
75225
491031
494956
848147
132934
28446
744926
966915
421625
203157
708374
668331
661423
788862
756612
161566
569399
46215
339889
549077
871123
637362
362287
534329
704002
580759
444171
230558
335192
958245
805611
522790
355158
762478
242379
3440
14860
679357
570029
499003
850492
469640
394855
46718
443651
926965
109194
402684
766559
980398
408934
917873
302110
573479
735842
924014
62989
98107
635913
177370
684803
659828
429626
677543
252866
419198
268765
749773
299903
802257
480803
210146
133529
50993
144743
120698
954644
916632
316223
318903
24499
377778
324874
52567
219617
667138
930833
939855
51305
312242
417841
42215
874424
993505
682369
73282
606221
998370
695323
382441
394245
525055
936916
653385
648712
915221
936961
803472
813810
104577
72357
743996
439395
324630
123726
889912
381806
231416
570995
820811
809976
758207
27357
937223
413825
831712
637727
217379
76052
856711
783674
618314
325177
117077
235203
29101
793282
103922
120765
370707
41478
57479
865909
288204
252000
223693
953285
299706
270503
397131
146196
158141
318449
928282
737265
153300
622441
259698
901871
276052
314148
24643
209834
371490
783801
91806
46605
433783
711327
714574
182356
559812
654891
649760
276056
269829
144727
174113
619828
665228
585266
79335
401180
50081
739177
995953
867433
782933
438488
657286
216983
62811
669928
419578
237671
567320
786017
177577
2742
308142
72428
107594
953213
438266
759843
526235
498130
395527
518166
36265
596630
911463
865410
324193
762110
837817
465625
964294
588412
334569
523433
61914
28795
701161
129581
624067
184330
573978
218760
970923
188706
24720
305529
857189
56489
151667
550650
368959
228131
31916
667872
371163
520412
338017
508207
825148
614185
802543
70039
865929
833545
238953
455863
712990
847471
41780
935033
547510
41954
195475
423582
202180
731433
67865
168807
436449
971865
154841
92766
912294
673177
666366
884480
919356
805739
91180
743301
887537
566351
499487
344840
801795
388346
709305
118103
438081
534500
295946
599412
960079
988059
127598
71983
266089
321724
67157
106764
334976
620889
808837
461021
493016
431556
209402
620814
216376
73453
265779
625248
962994
132122
632815
675147
506866
903694
643977
258761
748757
941082
594916
652596
688626
334393
143413
456241
986744
12070
369246
274596
294708
141517
142371
218208
760321
210296
589687
80377
524975
662111
230863
368727
497914
771997
785131
816805
740387
712533
78691
599473
820247
677634
815423
985965
309116
595292
8635
423741
960841
821492
172574
879588
288918
599369
430495
804193
310621
198077
34914
729585
933193
827845
438492
329988
296501
567763
206501
901260
536049
78758
273759
500687
565229
479425
200355
969400
379866
966733
924751
426555
506415
534546
419688
530743
678684
722833
397445
467777
976082
69664
120395
942455
612425
383424
966963
658790
57346
369653
162070
798016
836318
171323
198578
654804
388990
381952
714720
540079
197494
987409
3087
269788
489308
277183
474587
336532
308698
144641
748504
263226
152713
678460
655873
126835
755204
571944
850621
178670
965318
80969
879247
611818
985130
529657
76121
646602
356684
162100
817599
583296
87122
391893
219064
655312
291251
660226
743922
501917
303347
686840
70323
593315
607648
264317
456507
478344
139007
672948
645400
601441
547156
968708
701546
230264
701647
287519
624009
250090
729742
469864
876137
350343
438910
436172
94464
281830
832227
694808
119567
439022
622879
589006
882673
789435
732149
816761
466162
579893
678788
686217
656629
884760
745924
711319
503598
601273
255906
781067
845718
148027
853122
607166
273342
451429
578002
739838
120061
795464
421490
932242
431943
634485
317292
201346
124834
821804
34094
739883
576796
689189
617286
62325
593479
456386
465255
106922
471086
19853
677998
809306
491885
471788
642051
680273
346905
241276
412275
584025
910335
837011
12593
633662
193107
93673
189179
55674
649771
481948
655635
688458
417062
498944
748707
532365
909006
621603
733968
132053
463693
402736
31565
867275
40966
665085
619138
604429
220256
552174
469533
507544
533661
66733
432994
137913
517098
929676
913112
930889
846684
196622
512394
61035
991548
196080
681607
296889
824337
183425
100259
992277
556527
159372
480032
819845
293222
558177
885902
752904
947181
614375
423590
537223
231873
740206
467144
94747
186920
796493
998137
949244
82144
966909
4135
189023
624905
284796
354505
223152
962879
183494
53837
445246
428116
590225
423122
304365
934794
14469
682683
303304
216106
798584
392456
751385
470290
859908
581516
367358
808438
291464
865743
888103
620201
964399
125720
303903
132716
415010
823166
336657
497075
438526
483460
869893
706428
577545
393071
327008
772937
64979
815920
976027
631527
61529
215456
292074
548148
42047
159555
90423
249847
359882
69606
875204
24715
867685
790158
758294
998611
746038
838389
120758
116785
379890
11380
362159
352238
391091
655010
403417
291207
18748
980832
316345
706150
548351
94894
314369
881436
163732
960589
113888
366808
813832
509446
189855
374866
483
437545
564814
291431
968950
927213
743773
667622
884013
17288
876729
400576
213013
131370
781077
685297
775256
602498
856236
942946
854400
333696
30672
222629
6251
923059
217235
906939
260784
798995
869141
764580
629015
651414
13120
251185
615086
991126
810773
503928
528464
412568
576235
381400
410922
162691
157855
672787
709338
840897
882408
661555
931403
763829
859563
390998
9662
112847
609774
342885
305532
568576
837944
58844
548338
604291
222863
385084
983665
432151
151173
718294
664280
327067
306827
705059
268812
904163
126973
933216
421663
37260
894502
70263
243622
414287
357938
622222
757899
121433
187024
2962
115205
156212
817579
389504
741475
492368
818366
947045
715038
418287
379985
560443
764582
363358
860561
614290
793907
702712
25647
210707
491054
26625
871400
502242
333515
618920
340744
272957
256509
820393
989386
826402
85974
795856
364118
848473
999715
208396
212571
110159
332988
634877
947671
34386
942387
206689
643632
193935
513765
843936
598454
753488
77143
453668
22021
951755
478463
128573
365150
784544
958243
865244
608369
171456
12604
408156
521146
17741
400305
810507
203201
67776
930646
12667
587046
286469
541613
769486
326953
969387
509477
339764
164873
512203
513231
906307
242262
379347
676334
671789
550751
938190
931828
551054
709161
111656
652236
319688
805971
62956
981827
518489
766799
67399
594262
429568
405141
519830
966928
518038
889377
183581
844003
798785
486003
256230
511278
968139
864455
585826
141575
351214
963396
843051
367304
187688
741951
895120
508051
235632
18926
941370
108687
57394
416155
232309
20508
407773
89191
8010
899528
656523
945889
836446
999344
165320
371236
271280
703980
255255
483892
655313
454272
992766
431424
558094
614543
175928
782437
345058
361076
201795
396104
158322
712718
520003
874809
159228
133799
152760
620307
32270
482947
694784
906444
667726
352046
315780
185646
655822
558885
637891
49785
353786
437675
221119
940205
576806
697197
391755
961138
341824
282763
34417
767878
269460
107194
663500
806654
282981
517772
292562
924642
653486
392873
201069
662075
288276
337095
197489
648537
940205
886197
811169
669712
223524
714049
655870
943765
420783
630974
299353
174493
142268
236381
643849
55244
786457
541216
371107
181556
599391
451839
927020
17970
400116
745577
687788
495792
148655
945108
2703
87875
307455
311811
473088
890967
237184
628942
80433
445079
112982
857120
962381
832781
202814
445210
248527
758934
844568
977244
615290
260857
114958
907956
629553
289145
679982
118185
488422
199322
644277
542695
895468
597678
769141
738695
849149
321504
848034
953467
964691
455841
389662
557505
150021
735629
354852
281552
123261
98549
288681
220066
447070
381281
162848
617936
870417
533819
462852
870166
783332
949940
602083
313393
867536
119203
922350
460846
657655
523899
641832
815171
904884
638520
421887
817138
320345
224044
654411
810797
127463
123461
36474
288059
336197
46690
331353
178141
651179
712600
975721
544393
832447
508330
272295
789385
195541
373146
631681
794974
928949
582354
761909
141234
480777
612759
421420
678311
8247
318438
182117
305389
512676
644868
457279
403044
776059
366437
169729
87554
491935
863268
688042
589277
469980
268728
242932
524984
358893
415682
357637
265287
283639
703380
285070
146750
345597
44771
338829
116790
362142
144046
332113
724328
994303
914428
163317
93268
50271
366150
74321
546137
479052
867698
909421
56942
235224
797487
852536
797148
221022
256800
977351
534170
429852
218601
873345
79600
778865
724428
171097
929625
153315
144112
858532
647240
258956
276137
641589
796952
240268
754774
841053
301739
801090
36310
180930
368370
20697
80459
916705
484771
435399
551733
501050
931940
972302
71515
811211
77576
734241
566662
628530
353586
23743
298025
271752
235628
960963
677752
746098
34717
815264
853714
387124
366889
188905
102660
253874
317827
347235
69547
667584
149962
842849
948058
769739
943353
617738
449482
144446
535292
747427
340597
522104
397567
800598
680929
904214
154877
821398
807398
436400
202174
750660
969688
25243
546332
389521
146371
583541
72037
621593
24471
91253
867393
913935
722376
302478
710153
589609
141236
575375
965508
669546
68143
402790
6449
377369
305019
177675
713774
733019
99983
198040
230688
457095
597998
926161
468268
450968
677131
138738
292014
161870
673666
237901
111827
393521
244522
161733
99808
674421
963712
121942
797559
612909
337869
398289
350741
331321
123379
127896
516015
579136
337554
453600
206572
865195
856702
29811
263394
878403
946799
47922
788360
528438
559907
511492
439600
742414
486797
409942
869604
122645
980367
260362
140511
341807
379297
77862
608197
913573
463946
428565
589436
364513
72118
960081
313165
969019
718117
277703
474653
806059
348383
260767
387057
17192
210315
378213
378478
532157
525635
745254
627673
809878
977946
422813
576436
242659
644276
52693
448905
270520
72485
640459
29151
444224
451093
693480
423968
825271
681839
895119
341922
221727
51432
741803
202142
284360
929948
299022
946932
227047
756101
767458
187668
273057
314809
431762
280054
810842
471737
988857
354002
23665
28291
653412
706925
638745
204604
206210
98273
401727
653727
928734
707201
383562
230864
827131
529125
913674
838729
859048
772714
952492
408079
631439
117997
609584
46526
911835
935426
583559
345544
42574
290834
851483
888494
171507
232010
256879
189594
905585
636268
93809
132829
393617
431950
812188
784949
42857
199612
390754
566207
279092
7063
321910
414241
998476
462525
6623
860818
885362
259051
744343
491049
278817
65966
600183
69416
957459
548987
483317
416650
656506
575825
754685
374865
643631
3925
843666
280810
491409
855834
624907
204476
405302
887944
924876
715416
947642
806221
502009
111842
601161
691007
183558
831322
624657
650761
352190
405343
309979
749611
352631
551526
938252
212128
846851
382699
100202
973750
305688
571807
65221
55525
680551
811863
62145
916511
266207
341296
638658
995824
727104
86797
857770
262275
62047
646619
534256
284089
922739
347451
323036
949115
57561
707917
186685
995360
793551
20430
568415
289526
902793
91400
143017
131938
516684
266669
546889
179433
46271
302143
294644
725244
198791
680482
802818
436611
58008
674769
948970
237705
951517
827738
183534
656382
941716
217097
730243
557358
174606
23942
864314
92383
967597
936570
591113
685007
163688
157203
744000
143667
947367
543034
726483
967741
296742
522336
241605
481716
440285
104665
130401
850800
139681
949180
606956
440737
252328
957233
90854
693484
914290
387660
805135
282179
958744
81675
740478
217336
611588
893527
135107
975458
967111
421473
195612
797581
685232
984600
886289
540291
181139
987044
785840
24152
922109
172907
511463
864747
747753
851760
723415
952874
632488
51493
345251
201666
349241
301929
716487
566231
634160
699847
517811
333334
180771
287481
630163
158928
220845
763186
348177
29376
278770
660736
493445
686427
89389
477218
951433
913460
472073
168193
27288
686909
713743
354122
963141
167698
660207
934159
628115
415366
790355
640287
404599
216258
187699
934825
523142
302413
377268
207802
547425
484354
709203
516638
987455
711477
34898
503699
773839
15070
592706
291446
344439
443004
239647
438718
377385
892790
208795
588778
207371
994879
618669
608440
109165
188457
887605
347749
191077
735784
621402
821209
523228
796535
332104
822585
164686
641131
414007
262394
10205
448192
670434
90099
452784
546058
960461
478017
232057
821078
445263
578682
71936
166518
67632
983608
885294
962002
658673
696354
82455
501707
236943
793697
781032
132275
876512
192650
789798
730159
307832
80066
865585
63105
638317
521452
285929
782631
730310
772293
374203
810165
163668
300622
591711
645878
49304
314416
164015
749664
550654
427373
267384
433890
382037
283177
642870
824168
15910
337473
154612
550891
475560
295551
545353
87945
954139
357337
698913
658609
801028
62544
156546
415233
311549
728590
651203
884911
466864
707782
114691
674900
154640
91416
750085
873790
348553
333002
988318
47830
111742
624222
656315
366768
589994
277517
905581
346844
751523
580868
618552
408826
242475
401758
440248
142434
936724
502438
344351
933449
881869
356346
369589
984984
11083
635770
987496
162228
477285
346147
850846
707055
795579
471706
742766
438327
765291
24054
50566
333659
98727
687559
424596
477840
916659
373884
755419
676936
884435
471922
505286
934294
592385
764645
966453
716029
426346
938491
274014
21503
130202
75813
219976
135933
760369
275337
845666
905376
112124
361347
490191
527248
334045
486017
246717
289047
553774
718934
584949
839283
683061
250933
554511
890803
273273
217058
147370
739077
96118
994893
765563
485482
618650
142591
55123
31487
66169
604377
140970
392529
310316
992082
282711
728025
170932
701078
435153
456791
320821
838721
806886
951801
628267
805870
676610
985505
801297
208543
82300
536307
474441
842930
399392
464217
776814
630877
548331
797030
223015
362036
365500
930033
724035
781551
386319
269495
525396
510562
834509
700800
276356
489312
379517
255378
912380
843624
787535
786351
408077
330587
655966
101417
190372
146700
195608
49931
177846
535559
640020
168550
620594
287202
460312
46402
329578
956880
139094
196273
411697
610235
170262
259933
279685
715129
113721
711517
340301
504860
572175
78090
263227
85976
753040
442547
2787
825046
31736
691661
825056
294399
544092
94972
688849
574557
917182
769946
409145
665170
19234
198258
287149
831759
149751
228090
122718
171585
634168
618718
50323
257066
76919
226216
186023
919867
827443
503387
767316
867153
65663
162862
177349
545864
174314
308423
448837
862845
456977
20717
760550
167079
935709
313564
556179
312271
704593
993231
437821
985429
824720
540574
236392
919899
642440
304868
858951
52651
617655
241783
808595
426487
77299
534349
951651
287376
732993
117851
472335
46980
355041
587510
887876
83229
878723
260317
486999
87647
955852
155104
193663
480034
153468
637013
319768
612496
114379
820678
579941
589847
481496
447381
24831
15208
325820
478903
353692
62747
205929
277714
894970
818849
840942
842284
199387
788286
93034
551891
949893
108249
567593
747867
192986
937281
438080
543433
111152
259785
585820
622629
329760
77507
482340
22039
662082
230007
922188
335860
827936
546099
663991
287782
949422
506599
794060
395530
489732
197719
804328
207194
582184
151501
2544
10275
3285
374436
971732
954302
993573
503765
935683
888375
881155
952141
53939
663394
822482
287836
243860
592712
593000
89005
959290
255087
986653
650766
919007
954398
972462
512739
97111
701968
408232
922263
763923
219730
101671
175657
765752
378029
820856
79791
452786
478222
658945
254012
798205
536788
884534
507533
597498
89620
939438
187313
611469
160035
916861
432689
651494
743899
229370
202912
367649
267264
525376
580180
3556
40685
414635
485617
378889
526157
596395
605437
380266
91866
243564
570933
528680
99948
85393
385601
971723
62457
764634
116276
382636
813268
775248
706616
425294
737207
818093
798449
923570
788263
310589
613280
121925
353775
447181
551095
592739
865314
418737
466087
985904
789675
793178
363901
160905
726369
842590
313508
817369
421360
141552
814039
41613
572
832730
275868
649946
214147
179762
693218
730995
264646
725651
213421
945917
758803
140969
471426
901666
439382
369647
257688
425586
91819
705735
138727
740249
416626
59231
967663
446299
52411
515340
912398
947406
536161
679596
989518
570388
872594
852815
686273
533531
87380
616549
305802
614875
17914
90651
37591
21020
909191
980511
891343
551397
302974
547937
296286
642023
584936
543358
759872
407085
662341
681627
187712
106261
899558
839995
206018
644878
662270
33341
403834
518276
193091
112932
542724
500354
374012
938114
896118
567577
887000
993937
141602
637562
360969
743590
843292
331091
722569
200315
935594
933746
476823
162161
754208
418317
851563
534752
430979
238094
305834
341014
238947
272624
251638
791622
846146
349951
516986
590180
133467
949013
954566
865181
25782
144888
172673
165798
731833
837523
595474
147636
691222
513962
5175
279601
587390
317609
540527
741755
905909
993720
347546
724743
309531
710634
44251
849774
153008
776662
74626
327333
91656
363763
604833
464781
55846
363141
268901
768221
760100
765489
104112
167836
246055
419740
200056
245110
321909
658424
644370
651830
795552
673511
131597
460544
532376
149053
109034
637635
214326
712458
475471
136995
722215
273670
207294
556177
65803
686736
114636
851427
511735
144551
165451
664351
395465
886220
958075
827485
742959
454794
452121
712508
187761
768486
715327
104897
203207
230999
551425
965537
289085
975236
168856
102176
637779
385634
381783
866573
211312
65638
719351
803253
883264
763193
261643
176951
120315
877855
659865
743875
679786
698155
41294
245414
289797
365494
719826
508280
177988
597439
424783
315108
809494
660903
595348
565713
947809
943585
427987
426262
410138
344977
662937
268956
110008
330583
414059
331591
448949
941280
376959
812387
553555
754607
949672
5098
346904
971276
115816
570330
179488
810776
232235
363639
407453
23447
962506
887743
851376
861117
835334
820485
180830
699123
900151
831571
723651
847388
449458
437145
369510
270812
347261
928093
998969
154999
48310
209300
720331
839994
295555
475239
869451
771350
296396
203545
317739
423558
135935
536955
146058
3929
685531
138018
105030
381627
702822
182848
774601
111416
799765
552966
246418
681453
772213
681993
954511
773153
566353
205689
672873
823732
612820
271882
883618
614749
726693
9160
868303
451581
604448
526511
139597
469564
665047
281837
828871
479447
596273
127595
197121
522259
14678
899802
353917
459278
549505
312702
851124
916878
62514
186084
655068
250440
119494
727851
271890
964423
687925
173850
713607
147846
631974
431262
157461
224200
105505
850365
282139
432011
387227
451697
892049
917320
580166
114333
203366
871350
559216
743033
395053
389059
366633
6152
453096
169249
274787
320304
548495
70589
344345
310062
235115
328285
669203
260711
824642
113418
362327
359740
978148
35080
106896
385490
846260
247331
629949
114126
984090
66499
150346
856840
769410
84697
350650
309491
343892
864373
122226
894247
265546
45364
494901
656555
975708
841770
696823
910997
230980
831168
525307
920282
471530
148688
619172
911098
508598
221254
234390
655560
185104
229875
729712
219327
99889
498617
666665
483687
387025
12055
662160
21946
980947
403958
699768
9055
234297
606943
723591
26541
327536
429867
794110
584408
663173
169975
725161
135973
174164
893574
843738
373575
981370
114050
828063
525274
800864
938606
127084
872831
353199
119592
637349
874248
454707
810466
743002
640681
149512
826548
68076
206870
990885
251571
445825
258128
768475
489708
660344
159145
883872
180558
618640
780259
206517
747791
637192
783421
757665
89792
156036
555258
40988
226715
966959
251814
925029
986130
735433
637480
413812
970368
891361
955915
221259
867170
289385
858926
353398
872406
444453
237821
619353
489337
697116
38996
411102
466850
288456
316185
71086
835828
436372
463489
428872
540626
161862
439863
232056
413500
119424
732405
405448
886518
38641
258063
642614
290661
922642
576589
344482
532318
333797
432924
64074
5192
562895
989110
536902
328753
702237
899374
292276
866346
912279
844182
767570
349024
392147
358637
496728
748981
166455
100861
617141
977557
833453
746402
287446
105671
741907
88221
393783
908927
103006
610943
57099
800787
773913
282048
657028
739564
700601
253094
667915
253461
320717
973968
999696
183644
545798
421213
357087
173809
644913
313438
387322
9136
589808
575954
985430
502351
301789
837014
19436
6501
569484
594128
681233
936774
294458
105778
979415
283419
137197
962672
742434
35447
326350
643478
81490
344451
892066
93999
635357
289061
55734
327806
776907
994154
226748
591323
631560
334916
927199
89220
763662
39974
641410
973618
519711
501552
724529
139039
187071
769779
292896
1907
918913
89101
847225
28463
319905
615571
555764
9247
700981
960045
617747
835425
202157
554188
11875
612711
956741
434790
458334
648440
764008
1433
982069
470388
895253
348862
737349
880087
974987
952450
534006
508184
183861
95586
715163
284382
478358
882063
253305
664769
509394
918609
797984
422019
324232
714821
710643
45940
504815
5374
950813
30001
290484
814666
942006
580815
325704
929213
484000
430037
757884
352300
198666
11604
610893
763073
299609
994605
90019
859368
829546
496583
48980
428953
858964
224088
403502
699503
607380
675449
962372
846215
60104
966277
481579
943052
597023
30109
603321
410286
42746
911810
977482
122312
716522
296067
538368
471413
910058
1043
909072
511548
680876
161738
906863
388594
527293
516341
402364
306963
677243
244091
461676
730949
52511
698985
807382
940635
982140
638619
190732
695336
149311
945934
725647
640026
11093
832261
119575
507211
111400
677626
553298
680446
961799
280583
382117
667185
885386
110810
397704
655902
406170
239073
758092
635110
44215
927155
258165
608133
516715
15486
922889
987101
197894
342112
429215
320450
290738
173134
825489
475354
656318
39151
353836
89558
507724
291135
203419
328357
334180
889181
629688
995465
4309
57050
677015
218768
619585
272359
288084
730922
800047
846848
456061
894316
605460
93700
338059
390247
83373
367387
996972
648877
631507
245194
125502
567768
690071
109977
822093
694307
469706
20629
14400
150694
910557
743716
273413
951226
85597
414390
433879
66189
41969
559318
730538
940562
624065
115005
51581
746713
84837
438708
913699
118409
354344
659091
408295
482198
360570
242999
436494
324419
112404
307268
912582
753949
953213
585334
423504
697570
311655
898048
506684
389183
852428
107775
251368
380457
315835
720891
648427
254962
446489
113352
227195
685132
721340
438891
736894
115864
860874
410075
753958
384833
761428
771842
896670
7686
453714
192132
513654
408303
831945
487168
126813
213262
245991
719562
100452
354214
709269
75681
187881
155462
705728
557370
117010
784793
195942
445444
860323
643055
419240
969088
466846
401015
178002
210528
771712
245357
608904
733296
319808
947278
5239
142251
117687
997350
773852
205397
201626
330787
328155
15670
875493
497448
493080
488530
3758
579965
440261
309425
390118
112153
458717
237080
796307
196026
171537
997278
411433
701980
685837
826054
742947
132614
185434
485801
493761
182774
715415
261354
124068
534786
563024
374150
833810
354081
372982
538742
28217
224105
847800
505804
747604
531494
838949
180997
401347
550196
301894
754112
947388
626621
259867
581486
152708
373583
681177
22332
395294
858423
352310
720244
971679
50462
442275
560295
222362
632567
788354
348528
869556
564966
517423
114471
688663
959958
209964
424683
418357
281983
194431
673070
185877
938414
557202
606047
884287
76609
750924
106421
498153
436851
912750
571693
300431
882970
411030
726711
61099
850828
896218
831298
616072
263312
424448
633517
209091
516479
148018
299990
527037
927200
482403
546092
905004
763317
231284
368120
21686
945938
308938
597236
390733
398133
217274
923207
846831
271317
103940
849489
73639
15065
855253
709095
64699
989193
734417
222911
333527
456944
57744
450285
702596
714779
812698
545020
280051
146403
113914
842552
295561
164654
440666
931760
259737
600659
349202
441040
210747
91216
902399
746339
543668
918971
434806
523104
655699
997301
320277
20124
139014
38007
530501
295037
708970
144641
698178
939405
854958
714725
649326
923960
441672
147430
922920
52331
937252
598939
416477
939029
962278
194248
255250
975481
614034
232163
214739
769098
690683
580069
434098
673631
548192
371371
18132
787478
816146
230851
30494
759288
769480
509291
934353
719774
308448
479
815740
111640
754771
744929
528894
668875
211194
406821
74712
522186
31221
893348
177762
72006
890366
846362
231722
651050
661901
412785
972656
762106
335076
257229
146618
103965
305937
380059
220145
824921
841303
705884
174444
451930
58763
264876
138610
430276
939993
292315
783651
862083
176713
367109
340599
781714
110127
112179
824581
34181
300060
640811
202882
584275
987970
422660
306011
256460
474184
102558
307748
325578
825495
803531
538461
166831
263537
403739
661362
703926
115338
282031
674827
157794
970280
968690
926695
391032
409571
645434
359586
579032
629151
279291
938509
995344
402903
443409
807557
478095
805851
790811
462162
797320
783309
552914
319490
290459
621491
98090
890287
479881
151526
407819
991199
664281
826764
330828
502493
646520
749081
788565
902746
351660
111816
760162
839112
418660
120753
399058
686661
615802
24832
995192
726759
171570
844738
590223
654638
989178
406668
393819
313689
597686
103056
463130
165273
945783
480679
401600
227770
7119
778380
904037
592332
257736
489701
610245
4011
888301
648519
290865
757139
80580
504189
782747
585338
544433
446216
864763
219566
112189
280120
755424
418242
229522
47802
760285
728681
661213
403159
760642
992574
695804
730667
206308
386555
974421
245464
20320
848869
335140
101190
257918
12179
259919
341560
859726
342606
446777
612242
28024
367110
708426
81821
279731
760420
503182
264880
586441
159650
131924
335347
441608
375642
259130
82478
444042
718748
268406
658271
215938
731758
625660
151040
802
329615
826537
374643
969327
554763
236554
932956
963759
857552
487000
99544
904693
12489
472487
588373
803646
250678
210538
90403
521887
627129
585135
494363
853327
412769
822677
441339
66045
43258
961546
922075
114940
856214
991912
58382
923229
929353
721673
271211
76440
419364
255088
552744
549224
400583
650976
417881
274505
231714
407578
399886
485046
672466
107311
604899
752183
979238
789479
916525
494814
879166
663132
214519
451845
802288
722057
61736
645318
479491
811630
476349
931433
466046
938208
608889
170043
145821
734079
845258
934896
658695
397830
799039
950132
217775
854735
968205
92333
49000
113952
710655
18370
68298
706518
960814
584039
87177
551179
213478
471679
353019
210224
96487
563862
73635
814594
82256
644643
232316
220641
621071
708451
753665
34146
795444
40287
281149
981310
25372
900942
324880
337291
460670
609965
611050
716371
364248
781066
140988
800461
381148
797927
271419
16790
161250
555847
70702
783045
346700
380759
293985
666683
423290
188223
379869
409071
289184
836913
436491
995904
256023
449628
215660
212167
188117
968420
620281
139899
65492
283894
219796
992092
849741
888316
800253
992344
598190
836441
450070
283318
280878
567546
463074
799923
147064
779144
747032
369854
502129
894930
895522
550745
681673
709443
133443
264228
387993
986998
872740
901217
186226
285199
777230
16716
687325
813266
167269
977844
527246
672119
891994
187190
950617
246444
287243
408912
814449
199754
127810
847373
152807
892939
646911
669844
325180
775696
728592
299223
770690
565914
953678
487969
978014
712868
630351
408599
891253
185702
211686
695866
932640
514089
964245
319454
28297
758066
153213
585454
57432
534129
404830
846954
2214
94301
719554
471532
709611
905855
594285
734627
46568
774884
851040
926405
970846
860972
506913
796299
902205
980464
952238
517410
518939
49788
158475
171434
383796
726709
161232
796714
404338
709221
85214
172559
340440
62541
915255
145000
875888
610021
353632
743795
557029
308108
424674
830540
584634
522239
853379
617208
501192
962094
212471
873689
265218
957723
370094
596327
405585
455693
352830
225793
338048
957623
836013
536983
967601
824186
938006
838084
187326
872248
552176
782664
271268
682148
275493
449329
741759
561976
170349
906601
441293
22726
850883
426775
460645
254919
14939
490231
231057
964307
596605
786073
902144
799306
105321
771300
456027
784046
212206
413963
534179
43191
635071
278313
900184
179675
819789
422067
972070
553087
792213
132712
912772
923732
752644
686564
714562
683518
719048
678111
729262
906576
77782
935048
742834
177270
193372
306038
572467
525535
408093
109964
201398
407709
658587
452645
806575
690809
426503
395143
457219
877890
819505
275744
539249
746339
640160
93403
745160
677982
173223
497403
707576
200813
654202
256794
918143
736438
198107
982563
555703
196019
470542
417797
477126
932840
698720
519564
888503
145622
262277
970663
996456
961793
724170
187239
421527
378221
543187
349131
383121
708516
150345
779483
64759
10697
391598
159633
112422
323630
527634
86627
812499
278547
913905
367720
222728
920785
970159
690059
351531
491097
983907
164657
972676
735324
462006
29671
159949
66313
89146
325177
345214
441560
239836
207601
232741
241365
165475
68434
696890
765842
268221
575836
246982
393885
425136
360658
416212
855609
583834
297467
359331
287866
254040
827689
796332
399723
26970
935313
611875
446349
506906
120074
971989
886384
636333
472522
490369
599477
76579
957946
768962
583851
700050
966700
192896
118077
871133
870322
454978
363145
390582
233131
506647
450446
674996
598639
956077
839201
24717
828163
840370
274847
465159
690871
756586
147684
895695
18658
235875
490987
442612
323457
93039
556337
119859
722913
357840
305906
467715
453232
404349
24164
860326
805996
725950
146108
35261
729983
943274
50478
61003
934075
820641
572476
740853
749804
201540
205511
934935
14593
835466
853507
727524
109734
773445
156422
701151
85656
466709
672451
777758
31156
568300
440947
571341
860024
288275
329058
899089
680814
805104
137104
264230
10707
79348
390088
185854
258814
405580
140009
849944
875227
185857
104433
976621
939953
502842
322448
202636
827707
399115
855854
431655
347200
88704
308165
198464
142946
759266
273488
697626
215027
379119
350924
976879
501193
40914
665318
969954
181449
326788
578577
24272
414466
767102
565315
829568
265086
364396
740238
941932
443287
885802
338499
813520
75864
691541
581410
946597
326189
583314
666971
233792
973509
399705
529057
868599
74343
293268
258605
957068
302310
613026
634454
985402
836406
690324
768911
133810
500268
640233
209493
658098
127403
922626
915489
428111
568524
802496
507853
388040
684233
993583
346608
157400
406003
476052
596242
100427
488783
729233
995239
378036
386288
386437
746249
392831
737769
157518
537680
859581
512346
764651
840925
525550
636700
797044
631231
911913
134963
485239
23915
281855
789594
787093
168663
805000
189365
519476
26844
985148
730908
819682
489908
884540
865343
576245
767879
343543
118669
297630
873115
419516
823360
817594
889580
814372
487625
692049
349899
120715
615109
436849
342956
472504
227345
343565
329219
233945
355499
298941
564053
244515
647562
720674
79723
5099
174609
450647
379086
450522
576766
914149
959010
765093
686081
691207
796495
438938
999881
771398
448381
149495
592721
896626
679623
68177
712718
24325
119301
707887
418195
741362
41426
865044
313470
197293
344420
429950
357097
798932
499715
523345
460932
173059
562406
276063
815499
495674
692292
422545
717837
285051
671311
364259
60424
621138
98979
357683
790134
947321
610461
462000
249903
355033
256833
144188
479003
309738
283556
853714
650607
466250
187183
292274
633786
328905
935640
649338
338889
977764
196259
580366
260683
559286
92516
417506
273957
565572
179884
911273
900295
431443
845833
328551
669963
934379
173800
437754
234520
641751
427646
827724
540496
1373
303464
224196
856167
450101
33853
423524
526119
325744
754757
557894
109452
694127
662835
865906
385662
426800
507811
1879
157527
926382
357279
250448
216376
566311
402913
621938
653999
251656
970639
517090
542228
582215
566968
205909
758584
609891
363914
499043
957756
723640
709363
726732
637186
682752
905496
210639
534222
794461
286716
188151
879987
882717
518463
700492
448259
169481
199030
736732
194947
399611
127405
252546
40159
616094
471792
460546
876330
415776
932900
787641
244686
775921
397172
126978
333892
536567
861160
67446
241212
87103
563961
34239
934336
640459
264392
988882
204080
945486
840397
318217
167282
908976
935892
784552
599907
39912
507037
539150
893302
608985
958755
178378
262998
989439
538190
666224
11012
197155
996670
490156
809676
484275
330009
185558
73215
7389
199749
639814
995469
412591
856461
964786
42354
935447
748902
400001
6791
130748
258041
168341
492666
188947
413044
46417
621539
541059
461014
634430
484356
721323
444107
334823
209740
649989
940528
717306
858210
121867
729001
651974
528185
54709
277723
263179
431997
140011
272419
102675
68931
736949
437092
59125
663152
804596
225595
991589
295738
782886
444258
604218
18317
947550
268273
619313
41968
895234
150142
165682
522139
192414
369983
477856
462937
137425
88830
560880
257133
465015
55164
442813
518504
478574
536826
818828
385892
306673
927081
76662
972794
209024
492689
93288
911743
164571
822618
387357
891218
762935
468280
997294
515960
660472
17117
513054
594511
806360
717228
424264
121204
787333
578856
671207
217778
425517
956162
40603
688858
973132
4146
415272
308108
657863
667007
273387
100778
494022
71104
812683
132113
468272
840242
580359
374289
238891
477636
534735
677406
226642
220299
143692
707611
115584
443368
8208
426270
161930
716691
264962
258503
298638
296921
320200
919269
948313
240959
943486
179303
326163
612235
403727
17634
967864
342399
615795
5811
300575
88028
680495
805679
769443
891796
883664
427975
183881
732321
784377
92759
255212
351012
799316
86503
116858
299642
904874
623990
890387
547838
993814
593271
148125
463440
587774
306897
515319
128282
767908
710960
244652
170338
987877
495652
468563
589020
425494
697331
469683
303460
762128
313688
861996
885342
170173
96179
94392
366194
369703
100419
197584
594768
606696
617803
38306
706117
569859
10033
752079
935738
770025
489796
145018
122993
315795
285560
736926
681946
79956
378327
867557
354946
867957
519754
730163
764706
519001
335158
750861
514434
118978
750896
54640
664937
199157
25202
944605
100530
901014
167581
965600
481890
362761
842008
666288
612480
268700
900154
48405
754833
309890
923263
396311
475323
410892
477960
618564
457677
549714
806095
456104
984639
79280
449272
492322
308268
94399
927626
349366
490062
241719
969501
937887
490279
400414
637531
456906
836559
872403
331621
352696
267346
980263
442442
521321
724123
729092
390441
955684
759243
602349
917658
40463
178926
435162
166220
569101
200695
93740
945819
303922
567359
634580
44483
693271
682174
13117
875099
988271
725478
484209
52869
347699
796401
911648
157063
107834
455084
435619
794200
801748
609962
417782
624406
179237
302263
150166
718169
228235
95057
636966
66915
777207
39822
974935
127491
381248
332388
523321
596150
33585
363436
130844
928469
289053
508334
155209
784881
968710
266747
578558
871544
62370
387434
576652
347672
415599
349675
81275
467005
148740
983833
360649
213855
117320
809307
451387
916187
451260
74529
175658
958446
454538
213836
503708
409822
157170
440910
728130
535001
511981
686374
770573
20577
398849
206647
375006
798767
399962
16092
228094
274124
290697
452837
469196
906150
817686
413324
251300
79847
876795
594800
734336
134155
273982
12274
227987
93282
543741
696535
580
231241
691842
392477
83374
457180
470486
317119
273982
164229
927243
102638
832871
913936
293792
892792
990764
746539
457720
850560
382273
761972
466969
749023
192281
569432
247765
297175
307363
819022
794672
271054
512964
941887
629750
865648
531806
121466
943809
337136
36199
461436
521022
413282
657823
505036
375921
426981
490733
657851
339943
547789
710570
722584
374953
326638
917476
620394
889218
43864
27033
33665
703338
726961
333076
327775
849913
5654
268704
742272
716086
877900
757514
400439
767652
958819
332706
311863
512510
487305
413961
607368
399853
706705
117291
189206
971547
185886
811821
521120
400364
532692
182519
948868
859172
442777
178943
910831
889450
428365
837745
722680
904874
306788
202601
142384
813209
861657
872170
780402
257714
643646
890723
550522
789469
380473
935088
818651
770555
974419
314750
686336
336550
322543
388298
259154
629429
189026
318085
519993
595198
632572
114975
235198
657546
675005
27734
556898
421661
997037
89850
14321
615203
737901
449773
975471
353570
38458
963097
803202
411536
205219
566441
902561
32157
957722
69725
983792
482197
740735
980964
285456
320720
902449
521048
937379
221557
525390
135638
960073
150077
691216
523091
17883
437653
47003
174203
31481
50106
155111
893884
286504
15760
495383
906996
446252
262930
995902
746494
828458
869788
64057
273668
673179
153575
179783
171359
629527
592556
333649
969467
382381
360473
666936
898151
880205
657603
589855
619200
473271
399808
119296
17862
875474
440910
644025
130504
735437
222440
556810
659629
621333
778766
157268
85952
243616
358520
3015
805944
892952
950352
762303
258216
849755
508547
395383
982896
768948
748872
769547
441852
636520
403454
647446
641358
70303
225608
893194
83575
459833
3265
867305
124345
76960
381960
53029
200189
304375
579425
591401
5822
588119
153295
67758
231190
499843
653810
875037
858810
471887
29699
515249
423573
143072
926916
911670
202984
162296
876743
987573
125018
624284
673044
577791
86589
215372
594250
843559
642864
622053
419613
501067
308924
702837
749921
307497
596689
605866
907986
545429
73090
109964
267060
23523
325802
608950
98765
101460
376864
812222
683655
318238
353630
369086
691101
520296
207973
480526
538913
125601
384706
70980
195955
286369
722536
754374
782897
975416
56927
206635
550830
221712
417238
626555
72198
4071
871602
150572
691774
531059
592212
160199
271483
13775
764097
177660
315679
125299
429623
329055
746669
486978
219191
823300
571546
591638
85495
803407
598886
799919
866139
933642
663893
610415
281098
665623
146823
377036
207625
79861
96072
292255
908669
504494
649536
368473
367506
868388
147147
759511
484964
685198
239947
521673
964236
119970
928761
17089
789411
891358
8764
469598
815800
85581
256501
513094
333626
665318
500863
505375
402170
182243
964368
170274
869515
885565
832846
941024
581937
929223
277513
106354
573888
65379
138668
338588
720450
951496
790842
652995
502845
99541
731571
841522
713230
158924
875943
479941
804902
268549
917455
951952
332186
480372
980239
734463
77817
192442
340488
877526
90417
547034
944549
724110
591737
381846
118594
459578
548260
844873
165326
191995
129371
859349
997002
685128
959083
779501
58446
765141
943892
48724
8194
468996
188404
854123
631428
558100
841208
460553
881536
794681
397365
239537
663056
547534
531352
139529
554006
56101
832891
517545
586814
965958
466040
965749
832747
472423
288293
58316
62046
73864
676938
492163
602828
727189
503932
903381
684428
144017
712710
809309
959417
946988
450629
978782
111839
200782
376095
626990
842590
87614
976595
419582
460778
963322
836955
143985
845309
920490
580624
859757
88620
624853
358680
528437
586862
241480
893076
701863
566285
347871
816063
753530
678273
100439
388464
826982
140083
330424
729014
847663
633627
564779
115554
307424
188726
467436
181353
276508
605197
61340
106592
950296
742880
894121
781876
761304
19982
313915
415727
741393
187470
575415
796954
828296
582370
810133
415996
104674
659523
916221
993925
713948
974209
88248
31044
100741
986960
69063
55873
136352
353886
261486
121252
108628
322216
745756
940555
590082
171492
997441
730677
177093
238790
463687
350750
67285
304137
403529
323440
664273
466567
649720
845192
205455
90066
760556
557340
322450
124004
631090
687343
126384
125685
983325
812692
814524
450090
625601
561695
561937
410406
729276
518179
848152
886038
310440
503254
969790
163505
105578
204144
276744
354727
641077
640330
710540
316767
551170
10743
644385
834260
160988
124625
813119
489375
182315
893082
255453
832956
810779
594322
669023
636233
501440
81326
806215
668801
819558
684033
918149
734480
759949
802631
499668
96884
830327
33768
317447
615488
225584
704488
471094
767909
469971
848070
475230
199539
941896
987357
769071
113190
174026
881523
54423
839868
453115
233429
504654
1365
472254
647751
276508
473955
897451
431762
333107
745217
616582
659465
700412
462792
363434
121248
554914
24593
555077
940471
57509
587711
822314
5096
222142
650627
488521
145015
208654
291876
757000
28992
185095
847559
993496
260611
937134
680700
539630
695999
758166
108829
590516
371572
308104
41378
927491
134102
779947
246821
893799
261881
3349
936427
864746
783192
816863
24402
423893
52675
652278
664336
378509
227584
268155
96321
29488
375792
104604
471733
145201
68529
775154
215267
583375
879560
27572
220711
897960
819136
724141
187211
734625
546915
911780
598824
360067
465832
182216
595511
547155
756355
478818
442944
78244
649093
656651
443121
507270
676726
572647
58571
713332
740228
63156
569279
170928
669103
151646
464982
261265
526560
737336
890347
443890
862019
719914
8128
297264
783161
438736
559654
954808
253502
72119
693662
253149
335011
409355
232324
356710
314906
306614
888788
260922
738169
666497
292576
827666
985392
202198
568881
56987
333196
866363
395985
929786
408096
495505
138480
715526
838563
813163
91656
55029
101031
605794
106788
533257
16309
224869
616488
714566
784000
8917
340516
416436
402399
646786
897724
672642
706297
156847
206573
585250
672550
692563
845574
774361
614242
203212
480635
63576
524012
186124
165647
926407
85936
187109
469896
648176
219746
991235
441509
989924
538877
764985
623447
836592
719328
438290
100970
442460
598386
291658
967103
551069
838637
250696
763934
863779
813910
783951
597938
782521
187009
105599
78676
200091
828170
778618
21044
767942
323939
637347
324071
138806
315068
619871
2319
627662
316089
733665
424964
783521
818038
597980
151181
66750
901332
26785
342293
466851
757627
525956
647732
11005
23615
692003
930841
536450
174837
431759
96040
875766
108127
139643
633272
919217
488213
654676
628321
540532
103459
360570
114802
979071
331245
344958
526906
96291
139538
666358
523847
647189
304894
730779
529823
517121
897632
610708
631288
759323
926756
440944
777552
461407
706053
169216
194862
366473
759276
989219
884565
166015
479786
794919
646124
949568
756877
510357
645990
234016
436750
190902
451375
439186
289889
769949
152199
70152
130718
274531
31716
45086
660456
898920
528871
808689
958722
176565
170822
556819
435192
627634
934242
936719
334756
620437
71034
447293
914155
358493
251588
533929
955768
950688
436795
181694
674691
933950
962334
755840
752309
508875
983572
477768
619643
714757
292441
997538
299473
40458
273307
810810
675925
449932
925255
805944
137861
845561
350029
549979
321411
502060
210315
617151
440289
431279
651273
290494
662576
203693
528140
64686
648805
13920
130790
847277
892926
699209
880371
180101
953148
700527
376981
391794
839680
375198
686587
121396
710255
832144
246384
452379
311309
924959
757607
134486
912589
296133
485912
727091
995045
61620
620213
836130
625468
545024
232950
491150
268283
856951
970444
359387
715096
780474
936205
287705
260815
625720
79242
114115
458508
491655
110423
450655
303051
617483
969548
711011
376399
348152
413771
466160
695064
230012
705427
70335
586265
622728
311169
941510
589675
699712
159381
84814
939819
551211
154858
529315
932432
567893
670472
376228
785500
684906
66512
60663
135035
710060
105286
181225
987393
734468
591870
979470
56051
621991
22974
31560
260241
33843
389697
661621
668411
656342
152371
204337
15734
442193
263997
801554
874830
384136
449216
595505
277564
242880
590909
82729
352379
381200
588457
145240
902961
633784
566582
277164
297802
226652
995802
159553
193189
507575
700759
12297
562007
329182
461612
932518
377538
355714
871836
531072
308345
277969
458313
441632
943673
224099
749207
662970
255442
917096
512453
685837
651695
880656
735719
57395
533502
835987
439816
863304
908457
836022
33053
162618
399187
994689
358080
895917
796466
869809
983218
486984
45940
895179
654347
959619
322039
597018
645135
926944
760643
433283
687515
394155
936524
323666
760133
140047
62672
20555
29668
481507
682962
985843
631496
544765
583398
752957
798863
910183
560597
124061
155244
845299
803356
857869
512223
308338
578183
392670
90508
790127
599307
54648
165908
832398
763452
490090
477684
848722
937855
722351
370408
61557
704170
50263
70566
70899
625902
524306
847589
530829
82189
31764
327970
994731
709961
660343
691684
424982
875840
95266
82908
9844
233528
978453
563697
123187
621049
390424
641229
784663
714070
742067
203950
675535
114672
153500
486701
773418
749866
739928
468790
17354
278550
916913
439056
151025
813823
612050
544011
600611
598446
225085
160609
168822
588107
450658
688444
609012
344696
363226
405453
609255
412574
830012
153458
875113
968597
557963
454832
320770
927088
296779
828493
741906
600456
969424
714503
612342
293864
182255
951509
105
224415
812406
991011
204535
344924
945522
725507
692539
478775
176057
399311
744102
370770
500577
163823
130562
97918
929391
558291
51015
770646
609958
144970
499637
782396
193899
226021
767286
182854
927436
652591
362934
724455
429010
72361
98837
459178
746229
131979
815920
972905
56197
703409
424253
846883
857952
325722
353413
553
394875
520061
104407
82566
214415
509519
278741
149253
434584
624678
318706
813530
38487
301395
923628
491896
924511
119367
820820
362906
87681
323305
948179
591102
867428
218602
933308
949639
489294
33831
536402
787775
915256
417351
994347
812122
835135
408604
387594
685491
911315
588350
139081
510035
679142
984481
524577
66532
476981
911220
832318
212686
595422
445515
441289
559703
781769
308001
879584
164794
861399
24504
301632
751006
492904
738874
762971
32611
538485
173762
533185
706047
787777
241326
546825
484016
227059
3246
260144
624539
417089
326108
449002
666739
34334
547897
175644
142241
523974
196827
580838
978720
879679
356674
577039
300155
963245
76819
211105
576689
845185
829437
682442
421799
827915
821680
130879
722703
649675
825413
77168
887308
520693
1880
360855
634244
919139
808158
154084
187303
611556
847944
475744
997728
850728
781864
620287
720587
383193
403959
298384
352731
933512
469916
56949
208170
489690
394015
651420
53373
148323
460044
600789
36285
941562
231909
16774
503656
905223
463293
806156
541592
515614
822807
956646
112482
24544
700638
655892
616870
238027
222534
966405
161034
770142
74827
956205
990428
741865
772938
582632
826381
557999
417778
80937
571046
486719
25753
582998
902742
682398
780927
492987
435325
727116
748661
44939
506151
968594
406784
73191
25029
813521
443236
779776
184885
787864
829270
192320
907803
680344
15407
8797
511552
42913
438746
581710
760471
133781
766187
920151
470627
533782
124011
664655
807153
253797
893597
358360
715867
155241
599498
710216
81235
911344
659834
535310
85672
622791
353054
753684
434191
664351
952538
943450
471563
191683
970641
715903
924179
634639
714562
93405
860579
256618
603525
