972552
261194
614164
613724
194362
783559
671517
56086
63469
537880
429932
751612
378552
64013
401248
311470
905307
651335
671246
883234
581643
135829
232777
152478
379602
968828
373
774011
730598
579953
576098
578103
406273
213963
945518
481908
466374
761780
111145
163032
403102
22252
80903
665896
316559
317708
103314
646046
855519
414552
835273
572832
735956
176368
373206
833410
766681
941425
45803
931346
820942
934645
345749
951321
147114
837485
582982
103606
974949
886013
602678
761974
587774
174737
623759
725883
51023
961503
417566
858711
231074
684967
210140
829476
195013
415381
860755
396140
619583
871133
294683
615859
418161
483513
713889
778226
206338
925667
754024
389473
586398
99715
884441
927248
733563
714364
658238
683741
949309
865130
17367
326634
76868
133476
458429
107256
150714
277249
370736
305491
467351
532535
774240
378103
646224
382214
268707
554921
173022
450827
801636
773255
881445
733560
698476
545927
19899
842476
472907
282367
546093
563214
345805
497216
797785
294310
227665
188465
104415
719953
378105
934442
629711
699010
64975
275022
672872
236334
922567
375495
808880
483173
797151
748076
114490
985189
93317
356879
7806
259791
737728
52061
991672
182974
435781
600183
731745
591512
910100
866348
970361
395529
639495
364111
377302
885568
103192
106721
786788
820841
849309
10864
652284
389645
499347
695386
650751
338394
164908
617253
985300
107481
989011
155167
73957
632200
251756
973874
791481
849658
749012
779951
3494
865308
272368
353593
257462
712242
442691
605126
144357
334029
382103
666406
103076
158707
221758
550409
351893
788263
450980
363126
417990
737700
696066
855640
725455
575543
744251
775765
31902
58259
106219
523560
253158
5582
815504
882361
6481
913511
973652
252662
237976
959173
918604
287507
940776
920830
135969
126726
89239
879954
69388
445912
258725
132476
444016
293942
844514
816376
352092
878992
123534
787791
309772
975716
74728
623323
291289
537318
563715
834627
985558
391661
505507
633277
893676
584341
1785
167805
105116
349874
798689
104327
8312
177489
449123
278922
734962
865622
9588
247938
368134
855715
383602
795761
339787
186891
818408
251731
390721
700898
38332
651802
956266
112847
947495
361769
156706
693767
958539
671442
762502
782019
584684
174669
927954
610509
592691
152161
991960
390022
301447
699702
91641
849517
523847
111357
674965
500508
264223
564324
549171
846100
690413
549412
445996
170082
333878
642926
896075
901456
745737
148457
486343
35842
141904
684882
606158
398117
65415
241964
506105
233575
692316
728818
802252
223333
893450
549111
590635
968726
38472
745172
722134
142182
488272
219973
899432
924345
878808
554819
839043
561448
519072
180815
401482
22295
328590
235918
866512
685782
20827
763491
179992
424982
646722
393765
166761
804963
61089
833489
60699
301710
763055
878188
500737
59400
109304
984119
105202
128021
64485
214471
971226
774923
558406
391889
814570
523403
761500
399097
373304
928401
132276
953062
919323
95622
67850
704834
213311
430297
364405
182663
400612
611696
303353
471788
470180
200601
586571
610933
342044
656364
445021
857795
319949
437122
258606
65108
897438
429754
482083
438421
8079
312302
320462
183233
312456
253157
365597
797012
687786
341281
380793
380266
836056
488525
934253
388601
498340
530524
448559
724033
339924
177671
607249
824137
57952
104140
589880
417556
809502
857514
78411
36196
249495
860711
151351
65770
360121
810780
835933
907370
718427
6970
889625
595600
19811
430805
141600
216877
324941
782477
876046
304449
938730
461657
886024
514908
93054
955512
913832
571821
154423
451800
95348
755415
496986
341636
663514
260304
930713
876211
347850
572246
615352
224998
61075
146230
411004
40355
946348
636657
850419
242814
218830
331047
90268
383464
955663
88130
622135
451015
426474
390179
642681
314070
727304
169669
84197
340887
640553
421727
412131
101103
120643
386742
865968
596951
455681
531129
844412
968990
842644
606803
102265
813679
386786
422922
708429
638880
24240
521489
212933
817397
529886
625935
819721
923138
753373
68229
902960
649255
681874
620635
417457
486227
130417
424333
847305
174249
691153
949989
100282
958467
341554
65109
788066
242099
479938
434434
685909
513509
310355
12703
422167
534745
895136
423682
770690
194060
232457
196376
630205
497007
353121
887248
202481
12113
352617
265439
580949
534943
223646
448435
936828
725111
962346
491467
418725
733246
816150
973233
509066
779874
489386
817454
48641
415758
579574
449916
317971
149912
200146
476281
988187
251761
606278
836732
512547
484991
964148
764041
468829
446741
823418
350508
34722
565812
249527
18035
542158
931415
173206
624131
441256
6503
184248
520811
245002
227890
891728
6707
811654
507888
428087
173246
720780
531424
549512
111225
827539
314016
306433
981937
298851
571990
260725
437169
20008
941028
710890
638100
950444
388148
311394
520046
705256
642
230373
268913
203291
589080
558868
476011
188273
639743
959374
252077
910473
443696
447725
778120
854954
163158
98297
897774
35271
974272
562542
510422
359766
577851
485564
210343
795250
395901
447576
121839
104611
39235
559109
739998
796700
996906
559216
574306
899133
880436
325435
984932
206404
908449
252109
433802
309203
535593
531860
169732
955769
101595
918926
402784
604418
255243
944281
619758
837658
50996
294219
323308
69425
526911
769199
968340
967073
470657
911052
425837
11221
621858
817001
663161
862246
78161
222536
738811
460795
772286
85210
619119
460505
24070
553816
95812
472172
156659
274951
679277
967708
881091
163425
73955
546057
263696
216797
300951
278162
659654
992478
517708
162042
163608
573561
94616
76784
718768
31136
62952
512611
649093
34573
232378
26951
234010
624447
361141
280538
103831
586866
339495
810543
364862
948622
503867
975022
234708
314001
726992
291594
51165
920303
137676
21636
206513
234115
963712
328710
335705
154483
128483
708070
735139
98720
900622
983493
822850
319633
462094
681601
566108
700019
2296
693156
967752
965894
833342
657749
625159
699552
266147
603274
586094
818021
564765
361325
808365
292329
952031
253022
445776
255392
594377
242064
195701
235478
795258
720365
673566
35625
548320
206500
743060
197479
236834
23009
667840
299947
566487
117029
886926
882347
8801
990036
172943
269815
825359
874318
354985
562135
216244
328836
240641
919372
700027
111653
551804
238967
62130
191995
947116
946242
279082
641915
450127
328126
320821
783514
769584
472993
322593
501270
165113
71197
998952
91895
504343
302575
749348
162212
221836
770056
461673
573091
358454
410954
539549
463873
168745
504320
276041
686991
652180
741074
219872
683509
683700
260081
580608
732918
616085
635975
912100
64798
665877
346978
491964
231075
491083
826659
899017
469727
159844
836537
292988
805711
635925
489234
773766
807147
277527
229065
216767
520783
84680
596481
619432
303366
208294
202437
540485
497438
625533
453055
665081
221879
430352
526472
708512
368263
436738
841731
480013
356754
128317
774123
886766
338145
723454
898033
32539
951233
849959
721450
655848
135200
812940
636164
289643
508459
109829
510542
146289
965901
197898
905179
680798
523357
767527
620852
210271
784248
484339
893716
938896
503095
180072
371649
255855
849852
120997
314378
945006
457463
526880
659532
314348
452414
577023
195017
519427
568636
174519
367769
513856
717254
563685
129092
223559
974918
171525
449242
511814
211878
819785
648796
884348
454970
121643
45463
868924
88735
28418
196533
517435
5209
851704
35877
401742
936862
517477
974427
564484
907057
650691
827372
356651
913103
438900
104480
570922
589818
890343
279909
429885
404911
513405
680120
400194
36296
710605
722995
372928
920582
502922
136748
809116
350861
547665
993312
462573
624597
31612
359467
814302
428036
250432
656990
173428
928089
515582
637820
313571
416607
235573
413145
171412
102234
892524
964224
935370
657258
286138
580402
759187
922224
291346
831623
63624
101131
499911
152106
520010
876102
379568
74087
9383
929352
243408
25190
507161
369475
767051
512091
480492
304090
871254
923688
895170
294441
23832
991276
390890
629092
835582
788632
918653
216899
90730
229691
827060
712698
338772
796181
445367
943532
916116
877419
297716
172971
527532
884053
436915
624859
656884
819770
183600
28205
285853
4232
671224
998964
196828
249669
392879
879178
119607
632973
811418
348991
351668
908888
918006
418910
496900
660636
30882
544367
808619
5805
129905
247657
138963
555400
351258
933055
831860
860107
953754
171926
652745
351263
959081
930096
706325
641363
946512
523581
510511
216251
980716
278242
394823
920767
55622
94849
850984
500769
456617
143534
873243
286888
648328
830671
105493
919412
737006
625168
25025
467131
162898
42130
590450
509083
889668
984516
863016
683795
586855
941535
339105
441006
331759
817565
187412
281399
945058
92539
548797
900395
730819
528286
405570
981532
374071
665780
274313
572900
429186
137110
344731
124005
503088
122910
237014
700353
424607
718523
583174
673269
133812
544943
380943
978948
572996
821435
764671
722896
186907
654874
960509
84561
453534
236538
589693
916036
333719
579521
612207
278026
887423
993134
674052
618193
114917
186981
946661
480826
588474
504378
198240
603237
181895
726306
102621
893462
808565
541970
112991
655261
396667
398146
121126
844827
647676
439580
157226
536528
955873
314979
468441
435411
590623
676742
806468
370115
148351
248109
727378
277184
185452
192587
844721
199256
559505
542292
884664
728468
180864
657198
180331
409721
771273
828702
40805
181118
155177
490425
901723
135069
793025
282176
971316
458001
441194
27848
854836
210604
98631
170985
118413
498882
629817
673931
216491
889959
549881
433531
29497
55463
593109
302703
98848
975002
453899
777949
200944
150880
558411
673739
10890
393566
904139
650563
800949
621794
104915
485093
883845
395366
527563
928188
15243
148902
297437
502612
491834
453293
508630
211114
769415
391951
4707
239480
472200
399259
94212
701467
228372
903368
427541
883352
168250
195397
53820
350650
875403
490061
906938
804863
853282
879966
152552
545506
134948
456446
585890
802161
642102
728275
475131
214619
685733
544330
731175
182677
507271
33681
462714
43384
77481
917851
487872
913030
635878
649122
308908
522314
14320
617824
159953
446414
1655
221958
558784
965311
696848
102188
147482
237913
413129
565945
314613
597094
741896
587460
769612
991368
593691
811696
238216
625038
311206
968237
89505
787393
821752
507720
887745
389530
395436
977060
263381
242821
555856
140589
587814
140863
293645
734250
574726
199484
149654
86693
781715
315838
429465
52012
569771
316257
998894
681478
422052
160382
838898
418999
194303
912103
177795
711428
423705
792732
109801
969248
153440
156022
915738
890928
399898
180027
718033
54962
732160
214121
833107
660054
671378
589910
265635
37908
578412
52341
848164
435967
840027
852193
754706
901030
972261
558085
240039
637613
457383
738775
426689
170553
680872
381970
723150
270466
653848
421803
73705
837702
425769
196293
625374
181564
31008
297718
624869
536407
190811
131923
692027
716009
803978
581457
127864
162665
857009
264223
922947
664578
974926
175408
706927
564611
387887
523107
224785
444109
923914
292159
58256
688786
153330
277665
770352
214223
601120
162276
498228
216638
899681
913433
768073
26864
275810
38408
186142
743195
312620
680499
367327
204117
395252
847571
506101
72351
725418
3276
603516
137912
39546
771759
647935
193882
248665
68960
868757
85770
604320
72322
756824
936153
121320
548435
142083
196377
559878
460661
882428
769012
666789
874701
580005
143927
343527
758510
428821
852584
247719
780040
859882
622069
975685
612516
104468
358634
400817
695376
166901
404064
538730
154749
630849
852959
925021
100754
640363
370131
561987
378631
341732
233473
262073
203436
555130
562114
436000
411134
51479
622373
252432
67731
388244
458444
76135
821513
69797
492644
30332
200790
211132
416027
121118
670953
238792
171129
509977
27872
707845
389251
739160
752017
362973
816054
799776
784910
400691
680192
504703
828052
984183
43350
301424
924137
668595
672908
539317
732933
621087
218751
730141
152958
531334
846732
107126
676854
193243
803424
680773
185655
715385
610824
822298
19186
428018
924789
289959
892076
279639
308003
582766
188872
925680
729412
581212
816746
433294
71367
752338
306910
489977
130290
673989
721965
807650
32478
491343
275497
81193
78040
778406
56185
174577
190988
445602
668935
792933
376153
472699
415101
450045
478883
452658
980520
300778
753144
199504
52848
777135
985853
114453
541007
323390
322066
219909
344511
616666
883192
429644
866960
772817
28101
942920
117025
983334
741404
765908
967597
200855
362505
212955
622570
126750
84423
109949
99419
651357
402830
119087
695906
743753
353803
255807
482568
422003
174684
937426
869646
965908
605874
504187
412558
90108
841569
461909
668953
110357
326987
454909
201330
890944
543963
600112
889634
866229
213358
242621
669295
60046
130938
970022
876127
117105
698247
806919
173550
196671
729219
137428
453248
290371
191369
593060
269680
671525
497978
468000
587856
709896
949183
217262
657277
583158
138712
28766
420664
953966
980687
697619
766777
547845
899348
539183
301044
356726
906466
737404
924238
526109
757375
93855
180679
910067
357821
911046
494933
265939
681891
667223
487455
674429
597342
33399
842734
787726
906925
665582
107558
847183
327990
949119
139632
410137
668453
891776
184390
635065
398474
528456
956033
265805
769122
890576
329068
532323
672499
697578
918725
45297
959339
725112
202322
105849
921595
560921
603741
517923
394748
527396
884767
218402
489715
889673
953087
616504
392985
521219
187215
721593
33186
6599
80291
199162
715614
725484
918248
145440
305744
376944
408017
225433
429841
582131
644554
610687
354783
880999
14794
504018
193228
208274
808894
780428
139860
181616
773615
871626
875224
535991
947336
651685
291064
262307
813054
936666
452985
250325
529018
709501
806504
167715
239911
83371
783279
633688
848148
479622
830404
860947
363746
897858
536888
368067
661938
512513
171743
989738
437674
682344
346166
223035
813472
174483
584328
642302
237906
849846
715890
953132
177541
35621
242441
199037
520353
464863
558783
159732
367398
712299
106696
131912
524599
4447
201578
238769
538824
851718
107403
705176
323151
404231
196716
173911
371226
992304
676630
485126
615105
281738
900616
392653
245426
605566
687829
745309
643767
340768
150450
559460
75343
443354
371274
295451
727202
72753
38026
555758
85880
724065
376362
61124
811404
880441
441233
194167
950112
346281
587632
596515
799619
281208
169255
546789
796790
239077
115436
677717
882756
358640
232933
466942
381554
193373
844579
747131
406259
742013
394166
22864
851510
9083
65142
384361
948895
114521
613724
800911
164062
607401
591053
718439
406863
311146
660923
999988
679611
872281
978867
272912
575452
518000
745509
745486
945864
261905
727641
569092
195607
19560
17942
946237
803663
583918
554097
380370
782748
361275
976169
895390
436740
573090
245074
26844
613597
186050
655616
242795
398067
920348
841729
101905
191051
13921
242146
374931
293401
879375
775855
580079
753055
361589
85138
750906
679827
935682
562030
233846
74630
431241
887087
161774
469776
959021
726459
810043
364027
132684
149836
509042
54492
648820
229131
993633
353458
566668
928416
601139
166581
975549
997134
145171
748803
899737
508262
43645
939171
287588
526995
88262
94118
914010
885927
788595
537689
858315
753648
219270
298327
923480
290450
976549
730055
992225
844624
135913
940797
162671
885633
700208
505560
871188
267286
55742
499291
802440
850620
57614
708906
670538
709857
989689
906426
923731
282745
44920
712577
511244
142043
364017
604446
976717
320423
640038
138539
749774
980064
253122
310489
526
777186
750662
951105
499726
553079
49429
189468
292767
736043
193641
161129
173367
453508
522099
874867
85546
463941
170038
689377
901572
82830
14773
979240
273154
782763
284012
823053
647452
987086
969072
777267
375088
430734
921783
927213
231518
476594
831536
620774
198934
89548
467480
69993
441838
716686
677373
331894
548676
49299
947387
333152
706303
453714
763183
583644
449063
700886
353825
814351
559255
711455
957965
662298
799379
184411
515351
70122
459940
318163
856060
268269
816233
88122
373273
173385
629389
211742
494202
106561
459194
429813
245407
296485
757274
105465
571697
332548
203483
237200
244465
822186
870348
180483
330616
784312
220285
351588
131800
600364
387080
426164
429341
304520
990066
737316
234859
871369
785900
465169
808
590164
229909
904173
147146
216026
999686
263756
136937
488399
85690
216990
220654
682733
938069
544601
204778
511476
508575
100266
726549
677484
417291
956685
427734
929908
154166
878560
162511
232259
403661
629568
301223
708255
997655
168492
975221
332380
343354
337796
696986
482498
952959
325457
885190
697305
273309
449006
142204
849361
304177
193896
359775
964020
631016
299286
460992
281080
730402
168840
80458
618431
975762
591619
583074
224639
775511
638134
179290
73651
925377
857443
138990
29740
839347
632560
302264
320844
620042
697397
807585
612510
137189
537116
998311
189551
681099
404604
602656
710541
48963
546628
773185
608280
4381
713800
993175
189940
823342
234829
413301
284608
682488
712762
320389
657987
433410
877974
873470
582945
356067
436857
736047
886640
20940
694640
567305
905079
929648
955027
122009
221192
145145
38062
72575
75366
402166
341724
78252
560051
58536
858740
669377
237345
73503
165090
637972
715809
695485
407257
296753
105618
221058
2831
499282
245715
738653
799524
570656
251121
7920
712653
678735
983851
264954
158478
515515
19886
628510
516756
598765
223556
48284
675593
700800
270981
663309
407836
536505
120393
627803
680648
243321
130012
684397
627948
361042
655703
528803
210616
34007
902834
941181
201403
194417
820070
82771
34620
559631
910727
216310
548327
857008
797488
526409
128760
201002
578961
536923
896025
726503
8904
4365
530898
184383
432811
247052
508303
385713
51587
33831
719185
588807
487494
489248
57367
171755
64670
558129
309994
405058
47102
814625
192051
759880
542651
696331
795272
883176
806459
463821
741089
54009
875643
327055
144700
959251
397118
836102
714367
721350
807370
307380
307698
906615
880315
643413
352221
605628
310963
317937
777021
714025
589019
59168
562006
467430
791018
389865
62444
485817
734320
906074
335783
328850
807499
537220
290387
9316
688993
189737
623508
952941
590551
749517
501120
676722
643669
312811
364996
764146
533890
801871
616698
449916
781773
378919
272234
590668
724935
224457
822578
993920
453446
884185
506562
845523
819832
908555
211475
231534
336579
498684
715633
926761
661246
415444
294435
598522
862908
74660
922963
94954
154354
443709
739314
87070
795486
324436
950896
454232
403105
312042
598840
224962
842169
688587
980054
857219
890134
544840
77857
930391
805109
998298
331575
732995
303660
30720
580299
691303
622650
547149
114587
862542
936632
989250
498944
57880
632454
79187
43106
682971
76220
774803
820775
490230
937222
752447
641503
923016
154546
326795
827966
782254
929680
862859
619235
885365
368143
575324
705674
80839
264906
10534
62756
146348
151185
686930
152291
774903
780792
811124
983192
841023
860649
99559
35441
479730
234065
403123
910876
125229
469824
711419
653533
463578
879718
113858
80296
114067
941191
228946
846286
901203
687308
213236
878620
229143
36252
619181
296619
539376
83052
354742
752100
906526
997915
526194
782621
719350
59755
892327
969476
641877
246882
618464
602873
476791
742002
704232
250861
490381
181
257266
831762
841278
956024
847877
876073
584865
862189
109606
49281
83739
197671
708653
149888
121023
45270
312663
698843
458673
667359
260663
630475
162381
46794
267780
697509
784461
107770
274023
319002
205747
895367
560127
852220
369234
106603
705259
272256
360858
186801
984512
48716
59978
185011
476366
150383
222144
230563
351670
620312
828622
882247
407578
880818
461959
805967
568323
982040
826797
268057
30519
771500
82196
275510
25431
49162
979376
65940
456382
73325
379601
878669
522739
956598
652945
205222
843394
69738
68213
93940
261147
779100
1688
291204
98335
902056
837282
63039
369722
274624
602982
190876
828609
225670
375584
364999
216899
832495
518389
66892
505022
206745
681030
583839
371194
757151
724883
910675
741313
855524
982493
686618
240983
238566
704864
175867
611674
616869
354508
467238
284240
56197
349658
47789
146063
261402
766683
496673
823270
481867
56227
611660
481602
891393
679345
264194
457454
932412
701231
569781
24991
562859
419851
174047
229069
273860
98690
293043
539360
9792
943607
298288
113302
120599
36350
340987
824645
955327
32537
366766
634360
836489
661664
118392
451572
350797
756387
477027
569932
63106
613678
992746
692308
459104
844102
286922
395344
634995
22422
980460
48749
912205
965225
271905
522571
363227
178332
277084
867627
445378
908142
751877
880531
840312
235475
277751
642706
839896
873759
66645
380416
434208
804433
298672
410534
801785
129840
160527
53659
907233
716234
825674
542321
790032
837013
592378
170048
679809
845791
574434
492592
44357
758782
946396
303258
380065
986626
390088
819344
624066
386864
317593
948684
182349
134985
582615
526160
260461
879613
343635
143462
401467
767404
107283
139338
478949
14637
15936
51821
714606
640851
913088
770577
308649
172005
708717
337692
341516
821524
860374
479435
676282
738867
983873
371898
207759
203275
969380
329735
760149
671324
893650
896445
896042
544264
844276
788384
647886
626632
40246
674750
105529
590105
326307
854288
971017
243066
134790
188395
460532
284256
950578
400855
908397
725409
639954
11616
39259
286481
497011
998738
736639
801458
733851
160789
420038
899831
815220
207592
656453
694745
208887
313148
99272
663659
774092
503794
405568
930307
342760
156052
109461
563081
667377
181229
578740
97193
751052
162533
193562
224462
393973
254203
836301
260512
529546
817651
473731
28782
550409
20036
595712
273449
563311
413897
464300
421849
900033
830490
934758
754200
59728
244056
944405
10564
911709
606303
377266
306463
271999
207960
393510
283678
731259
536942
119369
639966
37131
90757
406423
229776
606377
842012
693814
923353
191952
487764
168202
338460
992445
161313
713773
638381
787259
791686
549501
757349
828698
399461
435717
736994
906341
171596
507941
124433
778493
99991
638280
426873
973665
549606
790698
796253
51572
328249
843366
346520
203207
781790
153091
246039
789948
475318
739787
278730
170574
917195
853623
704508
358333
588679
841029
73678
297892
153979
446360
899264
999424
207205
906316
841562
354437
244191
234351
949655
927054
215637
183798
735973
814450
762273
340080
395451
896218
737617
686911
420962
579849
656537
685647
703390
685518
657091
273495
801336
869278
856221
739039
81081
191477
59308
260355
819675
30351
104512
232811
515773
977689
654601
368503
896178
3686
243728
638735
551067
693091
570646
259687
915229
711899
471610
626358
779520
651807
829990
55888
890792
338095
996097
596751
575735
144277
62714
182486
725294
714600
27268
852681
770912
710963
895686
212420
938924
767657
685036
919538
964585
428162
254605
166465
715713
495737
974235
129431
139420
738443
138282
82802
375534
658226
652137
740221
416042
667264
926527
212837
90241
187365
417484
227255
652328
593578
435417
706520
680058
837570
905987
251669
42035
309456
292079
148722
763184
790099
260711
278591
384925
734435
453595
212026
853838
609453
753475
713929
946876
871871
89910
487294
517054
884330
526360
750696
961684
805171
268366
117394
447343
624775
509727
972069
888692
251371
909437
449087
132508
67376
320149
855938
769032
920474
376817
287805
453637
598753
494561
734978
908772
757960
467395
816025
197542
564505
592101
597949
414661
323576
451000
993588
183499
658271
224831
507091
620309
636615
9141
176620
964782
414151
303022
445320
343439
514115
448071
716704
818263
397060
52973
256433
322962
28648
748245
768588
752119
748686
746860
860303
399508
289861
740689
90154
900777
87968
710806
947642
107680
408667
414932
709987
143696
890992
490309
322245
334685
513581
558885
300387
718445
216881
523415
308590
113989
567659
502776
197202
69274
866123
489213
854599
26207
756149
637271
606085
151900
475155
16956
439856
119492
525889
829579
398222
324995
680850
121317
379127
410065
11141
41869
271064
978606
146488
527142
416644
862592
857630
471033
951716
510026
371239
684629
758561
795606
170233
248069
891478
262620
10150
294109
555172
333574
464456
746687
730349
309042
271519
105317
987996
874295
555001
561533
585426
861066
202259
14091
634324
644149
224554
837233
123624
406986
632123
904554
452473
570416
227679
173231
634513
929196
123221
109953
971890
767330
519492
223079
54766
419402
921991
321593
839616
951254
467784
431417
233524
902937
588659
951018
476376
822101
939662
828584
232317
149524
349938
765879
743178
544684
691507
550305
696686
455206
478051
471482
515368
199559
333669
894006
874810
567621
607883
752447
531210
374098
941380
958134
498199
63316
582025
547210
647376
448633
199871
981834
836058
486013
783778
127581
669122
46126
612400
912073
317890
443912
414331
776093
627613
430432
506927
640829
844048
298356
389544
172705
297901
143296
342560
242215
307290
25661
769046
857123
844421
704592
104959
139891
653599
265970
734463
429232
651168
506135
312921
535470
732933
100147
290796
254025
491439
78274
49548
931746
274460
974362
683318
907632
751556
412133
348176
250029
740119
57556
557042
386663
139047
837035
483096
467666
652135
452027
312271
126489
223596
235142
946433
166587
946615
213611
89386
639193
365182
961465
691987
600329
125340
414962
333715
117287
119095
245835
969148
964026
964881
686226
868721
198255
630825
965102
582787
580888
424650
48800
287046
116777
897074
199726
480253
428416
217096
452199
861926
306708
51913
594547
572441
41026
712739
760576
234808
882210
856319
536772
747674
41775
555882
281111
431400
352445
658073
458054
664704
486457
846226
5568
99965
390494
680017
671771
180199
995545
676520
538973
93615
670582
461467
325113
583771
305931
628518
860755
306279
536317
994453
255626
177088
61546
56641
365901
195433
332917
961089
839324
742306
925185
441713
615611
929517
997063
671096
915360
900100
61898
979460
121007
631503
720559
468945
412207
920309
17453
683583
263487
977099
910592
470658
914629
556971
689993
774887
856278
438423
794039
419603
877943
207114
402630
29883
886255
599134
62176
538901
267697
442554
236791
253699
446535
874012
358197
380479
830747
849797
229426
591734
858173
847421
189433
437785
451908
585193
562430
810246
264635
935310
790815
713200
534938
655081
58537
118901
158316
497715
357744
263407
687550
80040
952511
536727
971762
339009
535043
829757
206449
135285
858677
32126
386229
753568
188797
961423
118562
424991
74377
892560
75285
996641
524280
935487
750038
866699
481488
331351
518370
92478
160990
292917
307869
742972
966410
284027
386089
186711
977913
247239
969938
98869
179460
881796
115833
293582
203743
855463
972603
242263
610886
33556
395049
894192
767929
766561
760897
14151
294071
641763
349146
946864
965826
744447
60085
490414
980894
234169
201439
196519
213617
80013
328860
341284
596358
849136
304413
117017
727494
967582
989321
363106
143862
264871
768698
553240
517855
865249
199790
423657
70681
838115
983588
252429
816569
339320
575535
954560
548991
269781
43554
517967
770287
697811
490196
969256
727794
841888
742386
884333
33880
225563
73291
393109
130520
444009
378294
640145
833959
965917
915087
206745
359385
269013
877302
518557
23604
695467
221199
833660
489052
155314
516157
215817
994047
586495
594378
845643
199002
975075
216349
322178
824862
513787
169899
613820
187519
228952
367514
811493
97268
496854
673287
828532
180786
388099
319212
230274
270918
190556
822640
879747
346671
810798
314923
22456
388813
530588
937512
136876
662604
484063
902491
634046
145530
655987
513085
345690
749527
536442
99736
828337
599955
746260
217787
42600
622566
108516
561009
944299
254770
360444
272242
3637
737642
675336
844103
465455
262000
346492
416908
298344
821926
803421
478613
891764
740974
673937
410820
185551
52805
833117
402477
269415
462300
86712
21075
156601
722081
469173
857805
693031
746621
371468
273931
226308
538106
374522
39198
172932
135921
261603
750186
605894
544675
706336
199536
67373
547942
224805
563908
142514
808086
978266
743072
731010
851553
295987
597704
452263
454861
800573
847152
407408
439762
68965
652662
857441
723006
641275
463255
383882
204684
403947
792248
540877
696787
396501
17992
15967
762134
509590
628713
343275
353332
53517
213051
532612
135983
523846
645973
182331
350312
14849
59968
96232
35149
970832
220620
278766
824659
629300
699650
992964
258487
339812
193425
974658
294637
281491
921256
488905
991172
23634
562623
737694
297292
862501
207428
505384
435263
430622
409432
756463
574144
921843
226612
552836
589558
547828
147078
68031
863309
570806
866443
434223
81652
928787
969710
860761
88971
489906
908489
279910
184220
279914
860820
317053
667973
592093
336354
971432
269214
211791
84085
692023
763783
311944
914313
165986
178278
948132
911447
717263
693080
110854
606380
996421
442627
678947
230406
800746
209328
24064
529808
304209
502462
420488
376593
206131
766318
414376
138133
239557
501985
902329
294608
138992
99742
907555
847064
25622
139101
156167
41423
324714
887336
574706
8470
655394
331892
844593
953582
123619
668535
337363
535683
338262
659488
432256
679728
479938
634393
908065
369076
927113
742178
766910
176264
971426
157030
385513
420589
481251
898050
209706
384776
914088
294941
511664
474736
542471
320855
696415
415306
342835
557246
122317
925836
171078
138366
68307
312465
808500
69342
523021
62422
80991
198809
860744
754751
626419
47819
793542
866632
194353
266193
848197
854293
920252
95605
951348
15298
397508
801731
568271
64157
737872
269137
762546
119039
393334
996156
251761
386372
310671
534324
702628
990002
179229
898700
804567
297580
272866
850245
299467
273021
938069
388928
832539
574607
49202
948668
403612
845203
728536
446465
556051
287095
869185
737953
729057
363579
158396
545449
568951
456960
424733
689856
921061
286063
708552
716434
942647
331204
301878
743482
779057
522530
793694
546624
877550
284210
440759
111303
522041
384437
168174
528655
37055
800491
114804
592600
981277
808157
694012
532930
900760
677797
476926
903090
992663
144143
750191
964721
690244
853119
949523
803042
708592
994192
399861
890017
12010
563264
699033
19610
429057
390132
832559
86184
309952
937683
241998
381743
730587
351245
503971
3706
564859
399820
627314
918675
252971
44845
843997
884207
113871
967442
317178
660240
581602
237652
430241
85275
828710
192797
337516
399438
114341
586754
184744
311983
317835
229835
452716
212449
480214
411338
233167
741419
486440
279112
727269
683318
146829
892053
987426
276364
4773
541332
881398
162309
122728
212729
266809
913421
798105
354184
7892
740085
34616
131378
230882
977683
886419
943884
75235
916621
80558
504951
562839
652541
12779
967603
738694
813345
635807
513491
527866
621471
595655
413042
585259
544218
355006
168364
319262
862452
456052
935050
954765
904803
696053
301831
523389
254049
530172
878840
892621
920039
367466
636276
268391
240527
314274
360374
338226
521921
218467
466389
470248
9341
848076
951210
641059
355326
343892
285996
119366
874157
876865
208907
56750
147014
123063
706835
5720
975364
483595
675930
180194
355588
46918
597614
895126
30299
411788
428650
38119
316072
44699
555164
452617
535323
881411
345785
31968
506035
341547
64837
181188
109998
124593
375270
385105
770953
688481
937695
981696
32592
972792
673787
618059
558581
887035
352796
856494
293691
645369
206365
48358
949040
665924
319053
444968
664004
685040
374424
947776
21966
791105
378234
133244
647699
144656
637639
777582
916818
650815
513022
985401
91497
761951
660622
618192
363860
265279
62820
526781
769443
897241
572751
740595
352984
106049
889385
430043
26011
949008
827549
848835
523221
223759
767751
205949
14376
469905
464152
592955
130437
781162
843385
632739
334765
747280
629098
339472
988101
684846
617262
391673
168269
668214
169
425126
632875
531074
220746
754892
917459
864161
807300
961952
700091
898048
189371
297483
390942
626358
570901
595461
221290
644382
550638
350393
716504
642272
823014
87956
596135
874313
407633
208043
647298
403440
351980
91450
960307
28644
279480
452896
357100
651579
641379
259817
875023
409757
11438
291121
713522
807013
832325
201588
320856
185466
958809
146158
839869
766262
674480
591032
621431
154213
796802
541796
214667
552470
302857
692809
581808
86783
838976
957272
403485
548419
696813
83888
78365
420047
56629
341630
368203
664816
175114
634259
69440
16397
8710
795765
103120
392237
794451
655635
328205
599545
693656
584877
591806
280484
486263
643085
675050
232887
399868
391473
901260
487890
823996
484470
524426
790675
146380
676146
160363
419616
678888
665243
748785
390592
578418
272698
354783
723756
211744
951243
850266
368472
408477
158194
140481
416558
289606
371951
505312
753231
218409
219868
844157
362276
306762
652700
284007
129907
924682
615691
702311
360210
368536
466115
819609
852242
756160
7576
219858
343833
53596
357346
939382
637582
88209
57730
449198
500907
54024
506860
862103
99482
91732
155993
512331
122681
141531
799996
521141
258011
350632
136858
812837
597216
174910
95693
73789
659795
347911
535450
986733
159273
951897
725921
105895
386214
544346
890646
6048
265679
948061
683456
421021
884994
526733
555622
878359
92942
66108
962930
627622
249767
144385
299949
158234
195628
449153
313988
294955
564426
229382
978651
856738
13436
779334
913636
113752
86497
975302
403888
180791
515642
150867
626653
215941
173803
458801
436039
79060
691862
212265
58486
305964
598146
123277
749502
537013
823056
526832
545204
538923
337590
334994
63465
775634
802322
482939
355431
429764
211327
621310
904386
562016
929601
744953
894069
209422
819016
525492
894579
329530
850333
994863
480330
712039
33148
357675
998895
953241
373661
615654
559376
379157
532531
394567
305848
214646
692457
36357
60573
794192
586917
623199
653260
72371
730268
76178
818436
195779
367916
662839
958874
942931
185102
874664
737404
182309
190979
382799
806445
87894
300300
722950
196585
792976
955188
802979
43982
994673
571552
76821
814085
780696
230254
298977
925004
598607
295080
104637
914172
750864
48264
894644
846067
821766
309581
194058
900882
610080
820101
698081
83231
361778
960989
599380
92005
916553
13514
782330
272080
696446
389938
633750
702840
228808
547588
514073
997547
439157
421677
458662
265042
986319
150925
937262
748797
533718
573796
526949
117082
808543
533675
901158
638335
145406
845044
200043
426490
224695
820869
381690
606819
253102
493703
840531
453350
385814
845906
798302
438453
314870
521151
91604
198863
353215
121817
404937
587371
40269
688266
127528
748510
825603
31316
836123
344939
506182
78719
688615
963379
278582
18806
594520
403597
328215
150418
911925
107280
168505
473967
263718
717067
917842
621283
137711
514227
478899
541131
192925
898384
789799
911073
4657
312197
361217
318349
164487
163630
8603
163509
275195
127595
433672
319985
434468
535233
910855
474742
526231
528792
807474
794736
837667
632187
264514
594693
562109
455653
641998
931807
559246
150465
285369
77763
697203
247744
336624
966324
742105
437641
772765
638194
782310
193519
521983
819185
739564
661761
725627
556821
375735
315669
832135
840185
549472
41028
312101
862341
576708
285189
661301
336389
430141
347125
565177
637051
39234
365994
348451
734091
57831
265816
143921
292317
524660
355858
976442
876249
328839
328520
563263
213901
619081
466789
313088
281779
54181
110094
438567
441890
762263
995330
645334
803593
765576
743541
580434
725429
435081
561312
648572
160202
824763
637445
726853
793337
777438
239801
241133
917647
747836
331048
852842
622548
757308
827291
71461
254749
682964
930370
895317
151975
297896
801505
139955
881636
105409
377438
659790
205187
355544
961371
893415
171648
492606
906334
149493
751631
783840
366386
186027
696651
509599
292678
689538
731049
563803
619924
980861
42734
839666
846972
667890
872141
740113
220717
609064
179135
219526
662619
194446
347071
981421
333447
210423
618307
166128
124248
755471
134779
743227
882168
418133
464169
931374
667679
511327
984634
311677
108049
129418
742983
870115
229702
887605
402787
364072
428701
984028
519968
893958
852551
746477
985978
702788
314619
321020
200896
860129
19363
879227
113715
453846
368895
41905
18342
736981
595387
816624
410665
345273
1298
898080
769349
670101
259400
485421
241132
652849
770483
370616
299951
679450
268509
464378
833748
768049
25905
672144
422588
317823
496147
117146
338349
755019
144338
905860
90815
734469
312236
648610
815470
885276
775083
463496
74365
937977
5717
845239
586797
724591
701996
520721
872180
217893
476985
853355
455942
29528
107393
754301
51055
726810
989146
445523
950269
956653
647195
196995
693712
787478
873378
750730
982103
598986
144489
722287
619127
10064
953880
983015
414656
293997
298897
277363
692422
588105
114970
42163
651393
212610
739982
125491
155513
242168
733110
646204
692328
8858
368982
918805
623599
587770
927531
107892
600518
458184
541971
540582
947457
590298
456409
235493
422109
358239
584496
209637
487464
818356
360459
510876
266479
514749
814496
852500
14672
237181
370917
836545
655319
384625
15379
330327
750457
83953
985251
356244
162948
710205
607694
869433
699339
339715
354036
118527
719174
316938
353020
341878
911807
676008
824373
207814
505385
919746
465228
405993
218180
266490
449745
448193
547038
942743
566629
398340
761323
695379
992964
211948
787027
646105
397061
656462
142017
961819
106625
126459
927952
410237
656097
915776
241532
329519
609259
426926
52628
109919
330561
598780
373952
212168
179934
174615
719788
79654
721417
105864
971992
405985
249514
374246
794565
834546
838959
996959
674943
857912
901051
537853
984515
299734
927336
392633
982312
343242
410036
105687
678774
328302
528774
791091
812895
298167
416999
585246
55413
264095
854316
841576
688886
64600
23428
825987
361731
768635
24721
243667
745373
339856
665697
551790
430081
909901
974657
12767
559527
324182
651741
456979
307231
716898
924351
727879
762052
356811
283271
63535
51877
740131
898752
444199
683072
117565
859357
194923
935262
177022
141965
959148
787644
415562
477264
821371
881749
672871
680946
718072
712300
827656
709229
327758
137501
85344
783056
233988
903700
709405
251430
547650
332347
930850
853605
52049
635160
982153
437825
884279
731069
585633
768993
205184
662544
83289
333089
117136
295773
518953
327514
606049
742250
106716
740420
487580
474743
266461
271972
802830
211170
801693
227911
193367
772107
86364
284472
870613
473581
162117
230861
123090
137088
255041
261744
369146
266539
989841
942883
296314
66234
732095
872971
800140
35605
811067
237300
462384
561670
652715
407050
867238
426737
24178
332789
439893
116610
546230
239533
114319
972856
422730
881905
548262
36615
908335
114399
396097
757466
184439
77060
907280
577583
424208
113543
474506
302226
403323
527403
342982
131886
887892
114759
659554
26529
449042
350603
221677
186647
67066
869218
133331
754860
31233
261140
611662
119253
905070
681452
810024
689129
458621
698084
808810
212077
230311
49639
757426
19082
312537
460865
725130
280841
428036
876632
774861
498624
835476
895376
90376
993277
520576
173385
524404
413566
439481
268714
377779
427974
670412
176581
249820
511143
430498
511917
949456
573999
744829
468201
888519
45709
38486
885734
457243
507726
725461
866125
139143
744822
915973
250535
945340
473190
129840
837684
906404
836935
989079
663071
368392
321832
861853
972374
225658
68920
919940
862113
925607
850783
463378
374438
367595
651728
102253
206892
535810
637881
323860
931537
841344
440846
465677
307232
505475
750713
999489
35606
709064
652172
2772
560242
709328
461906
812791
645704
503698
391987
412467
387721
15589
362493
99576
273297
103453
563339
331332
894084
97138
283261
379949
117723
659641
462615
954276
492752
332208
229293
105263
764809
823359
513720
138267
553205
293624
914989
851558
302290
46036
357504
39161
921082
877423
950609
205684
716490
896493
322661
1337
854326
120765
779143
962136
505458
772096
294877
441657
107825
105984
551147
587294
242854
730049
19313
175730
940760
765910
560462
723158
164407
589702
475122
372864
190226
285525
634078
670252
616284
220513
84226
700284
416085
823267
35460
953392
130256
281858
547197
264923
121982
245805
743151
309449
93716
714702
486886
504708
544713
161986
591152
175394
67178
502424
648723
47759
472471
832868
214454
244677
552242
8061
511148
777366
46642
694330
570733
33597
814878
21360
542199
197580
568473
488164
326662
305136
999376
521201
411902
715947
840442
318569
787898
445644
912241
125561
301631
748591
605231
994570
781294
375785
423726
780274
32048
746791
910646
259887
655469
449850
947891
335729
11321
588269
557066
576193
974331
521435
513239
30338
315827
709577
970907
794809
584109
816897
834765
425118
251690
860646
56183
912661
936678
975174
932560
745432
422693
407662
243255
204216
514554
307527
122085
335178
389119
207193
845249
609692
615074
489054
741049
323212
469896
794083
984743
102352
499692
705821
125407
409966
508984
254749
27308
711707
249215
742553
16850
489275
746862
834664
638642
770929
340828
154595
122213
563427
810466
459669
208009
436049
854967
167241
647443
284284
373973
551396
455549
253758
859485
275602
382550
454359
168281
12311
175251
824431
906888
954817
642472
121081
774294
402237
172776
120529
987992
198104
349027
226747
212303
686327
364313
422343
581137
137320
757980
880541
442357
413242
275275
563183
961082
60965
876525
132776
605862
669366
135624
858593
763058
648121
505228
86714
493724
857165
399001
515679
638539
609121
529695
516614
148533
59893
845051
364341
881291
936725
251443
121508
659411
820715
965549
84023
492471
590936
583150
596937
608252
570230
388679
947636
727064
710907
852306
191914
870310
430117
742408
264182
865583
865485
482507
610429
288538
326488
574978
43750
149485
870546
619025
510186
173078
32131
481033
459977
147121
403572
492487
252430
85205
533973
350293
758457
34040
684138
836524
983834
722437
996752
871174
13630
428618
6272
669110
846141
419778
117247
264931
997257
692543
357769
185090
517164
83782
212510
973339
207136
122172
511070
422809
211563
626594
723020
986957
414548
460777
208650
955685
564972
165756
782364
898578
393367
471929
687712
84340
133854
87071
992375
631005
681347
398251
32934
24200
445622
187003
871723
229325
482458
693262
754878
268780
166196
198689
65672
509097
50720
454611
865352
365217
279829
417571
982022
150421
219761
648613
940332
540462
315084
231638
4453
727469
230185
619398
132902
997310
172013
115059
906912
554742
448990
82702
660930
952418
388442
540236
993241
982758
873580
19524
425576
484943
178934
169010
551941
99154
182646
182765
714065
549129
77937
680244
933783
203856
225416
548820
583697
54413
280934
468738
775943
661971
46130
420593
286932
178659
624332
202072
858525
423501
900602
728936
32910
296357
937893
826816
771243
865289
417544
715812
168039
327638
460266
569869
244560
286274
537341
486585
794828
316110
676323
416119
931742
882269
452495
934201
591757
829082
802015
640775
555431
345323
809012
89304
594944
723845
955513
833848
310826
652097
842884
642286
306429
94027
586545
230002
122869
184700
898130
481003
907501
987175
147574
658419
904022
939613
407430
33092
616095
596485
239300
194153
352984
752048
665495
422156
545222
294006
660526
34383
578459
538394
264251
899044
962221
908218
491975
619077
847879
856102
984666
887058
22760
466692
525534
251279
876545
757151
556969
790668
59200
979534
210485
155236
878024
288666
253391
486126
10373
359288
335823
459716
480907
573319
319787
702810
574061
606002
714805
225223
96684
894963
199198
851018
485863
913880
282638
991285
596180
738631
926289
358056
468601
352706
871776
67946
275531
878458
143736
814122
901286
126241
746021
465493
354981
658738
146264
829555
107214
441880
756311
335386
391705
803440
471211
985970
498267
525654
34944
715598
341815
512402
987898
831142
808843
203921
760920
937345
851331
824778
359956
622785
613639
832881
119690
447415
13719
598727
784657
397493
541887
649269
125357
659815
251211
281930
962685
908280
910171
44488
563834
877140
843486
70668
182413
980666
2819
577162
988670
422755
933374
284342
15056
304631
484016
21221
978684
659393
372578
629391
206554
840402
996745
137307
179448
701825
165844
811723
891034
720018
694725
753083
773381
72999
299923
52024
336145
356044
616945
666563
906682
108836
102235
331289
968559
54405
767892
910851
378592
341728
578412
661497
727150
535745
95635
251764
921954
197195
75529
427778
844640
849736
366725
496162
88608
670580
709538
409017
271913
760725
297275
590861
259482
521543
933369
894421
753324
505999
773980
510053
464248
937815
682236
912821
994035
740025
623338
420997
181779
346980
815251
970428
504846
466625
629597
183117
794973
393334
988794
912137
696652
129648
797039
482059
979249
263084
401545
581800
223492
393203
436607
692000
883058
211220
698233
908074
78746
492851
530295
586315
406383
23706
178375
794377
1900
222116
600612
371083
75751
434452
839151
343955
821088
688568
722506
14316
341563
659336
837887
438898
76524
111742
606272
277826
469487
129294
563134
489743
23499
658387
961108
638393
393573
759808
374395
60742
395024
291548
761913
445277
360592
393985
616269
785985
890160
695415
236777
143190
315870
912304
435391
858139
175071
350438
749877
436934
888570
26260
982205
187779
953942
238589
780293
593585
286020
621467
188924
329891
198195
900901
886562
804440
694837
117026
869332
982456
31902
564035
535490
823388
399354
923361
3293
558680
286726
836988
317800
910228
807228
169218
78941
745638
478609
818363
861539
464527
941953
45612
170833
862125
228286
537141
16300
835953
997546
28465
544847
458065
732054
315315
160277
578726
128033
521613
597734
453736
177225
474930
99485
974212
714185
66585
329139
839611
752836
162235
499838
562993
546892
780740
837140
485563
90696
646389
848438
675033
874473
342349
956874
296304
177556
749070
920706
979470
311654
713667
904398
234310
656412
359560
302711
996331
937337
32181
21970
686660
960767
205700
652319
603909
923072
391848
531398
547784
117958
406842
645711
952236
262846
131984
565150
876400
916890
620147
683264
172766
545647
220122
635520
548796
910041
909592
358070
132196
27802
612556
597260
741624
805329
534497
269896
873941
645849
285305
679772
638970
546106
797838
217903
961313
577685
30672
294427
91655
458696
816443
788115
55415
463376
520941
642660
81725
480597
7584
150827
792918
863670
748060
65497
334187
751702
189498
44082
568072
236944
533653
571535
731907
171299
149787
641329
71910
508815
697187
792488
723463
167843
272189
963622
544692
439291
266356
167971
842141
991161
801172
89623
149853
15353
65893
541234
104677
654541
158452
62481
196428
545384
117665
750353
641119
723088
656440
629025
910611
724337
437875
137598
596240
494438
147733
689129
312812
528179
358561
877304
152653
521670
666813
96468
272856
532692
704426
315086
132485
401859
201302
784562
844054
878056
509832
205904
656683
693519
505703
653496
83490
365829
771017
275859
739413
329072
337466
457537
101037
314653
786708
348108
659244
913390
50790
838368
333560
152252
821950
726906
396748
196927
533333
873358
559024
800839
708931
317422
563423
844829
570264
974141
361413
688356
461764
88602
550363
499314
752115
911240
773413
507132
607073
391957
278492
128480
482783
496068
873083
61193
665979
875146
493100
190717
201465
947300
408919
238810
870450
165001
212457
306962
602654
310227
16812
802829
421298
758354
74829
825555
458161
773197
231889
215199
268447
520358
875659
918318
345684
479729
506974
847501
180304
626883
25701
824922
621827
342984
760208
89920
936182
680145
619328
364393
278138
430521
57706
947186
148852
592097
582898
743504
75483
429463
386630
459040
792344
194280
987693
416737
639296
240352
125768
715504
521954
500918
624661
224121
813515
260605
573719
10860
616968
683941
701780
541652
272263
564806
383352
417764
216980
144674
776593
417315
992609
949665
231158
371247
184233
724602
864991
673386
481270
616870
727602
482922
929953
289112
945857
541772
566573
948809
278113
579199
54009
925986
616136
374621
846899
675612
125718
961340
804118
977601
186686
785113
102859
181230
652744
249639
399122
137847
503312
897249
776560
619723
795328
547988
894491
148495
423798
21910
954729
284853
712307
861001
71421
204554
261125
208286
539696
106157
938067
101230
424776
310827
415848
451948
505614
918297
939880
623869
445172
930428
650881
979674
338072
685631
875907
219579
880578
181146
666252
42548
393370
980343
345363
258970
992095
145178
128354
455445
893768
922003
622806
962979
194884
663564
778097
884817
966070
927754
133979
441370
768849
16202
806301
398213
538248
527924
589144
317585
693243
421170
825985
743471
839678
780720
510071
973090
361039
82912
845447
206071
611615
876525
710769
540972
303004
59485
345746
24644
300200
465923
420672
237338
919309
69444
917549
935382
416894
612522
419114
38944
858662
460587
268921
203608
126673
396206
328970
26312
506173
551708
15370
735743
267984
415772
592222
287063
514082
105093
344132
920351
756064
473449
582367
60390
561664
967504
658165
486090
58985
583410
69692
202387
799455
532357
376040
561422
586760
915718
245983
696031
93874
341890
941020
889496
867216
823778
42284
410156
160896
846618
531473
536974
864870
132001
224277
625345
648530
235139
739956
522411
576772
523843
130490
783053
201354
720955
297638
520920
394593
959159
298280
366115
830378
701254
60653
224481
634251
404934
45601
589117
763184
324704
534175
399149
973017
259733
320967
886321
260774
614717
44506
960068
571859
785644
340651
697195
73271
760437
344201
611879
745597
343595
593378
844249
209813
852475
61246
663286
642971
452918
632755
576877
875691
670761
729182
330093
724611
808447
779425
483942
957929
172954
934099
171990
634436
216857
756090
436331
126430
341517
419808
528493
588186
944752
201364
11396
926676
672279
274637
50885
528323
202041
515361
782441
395389
830395
942406
314425
47151
139793
86781
87331
479157
509090
53369
161390
607652
879523
656219
703485
500306
997439
19044
690098
416466
670759
737564
480407
451453
293182
868718
468938
193364
613442
706335
730857
301319
460458
123784
369758
199657
381270
97512
1321
997557
857203
768964
455151
767063
407984
687246
285014
59086
18353
979626
923297
535595
627217
671375
252998
251368
489661
446275
496299
86942
7298
643510
164552
55120
243022
356500
749592
486273
244208
723478
701374
746334
194071
998019
639719
787435
301762
779889
721170
970289
584890
190028
627657
303953
630294
590854
737631
586042
182452
51922
758671
692259
446889
629333
267388
245694
735710
711093
710751
718448
174323
603886
472970
317326
229262
964361
627527
610656
364210
858929
664331
729076
976531
434822
353830
605876
663566
261343
387747
682283
443189
978869
721201
98968
553256
453694
350508
720338
803593
982319
799061
586662
396140
429729
571060
845643
779974
648455
742972
429384
676067
362332
387762
337487
86240
563989
627189
639985
161442
473452
154363
980934
213105
909703
774678
607879
765602
7118
719287
204207
789587
485423
982725
599306
899423
948279
672925
253127
868659
534973
519447
570943
614374
484787
910900
485099
445467
596708
391719
368424
622761
609922
771637
347381
603823
148223
795016
275168
430947
744212
505381
61038
90056
144790
168688
923826
971901
384393
534481
748286
34306
422588
646705
546505
157111
103445
459708
945303
579791
423643
844501
291800
739962
681806
963510
392083
935589
363749
816813
359398
410089
348658
971805
630003
158701
794525
21493
458367
206844
458845
394786
937102
959322
44739
822334
58112
66317
489115
951330
867980
183633
318269
417232
33373
401726
311706
985804
118605
377246
465688
166002
471862
752271
640613
183487
225996
939491
931114
97811
521854
990932
297704
824882
994989
629737
893584
699768
297136
305258
598266
113187
70103
50518
326561
585833
754672
475058
306532
932242
764721
348768
807427
862307
784980
837039
242120
456025
124455
518563
433100
969950
609381
808202
260332
170107
739831
682115
130019
11650
495387
848778
218711
117119
713904
979077
286500
562192
235088
397131
257084
705016
146702
709733
931094
250644
830570
276892
844678
65873
787407
356060
962427
457763
853292
54941
643589
781495
536793
862198
577904
889181
818200
508968
246420
44476
160762
316218
715615
558728
528774
126302
67805
208548
54044
699954
403973
676697
951618
652206
88164
349686
220522
943882
211045
123840
935148
419158
109456
688883
76376
790462
409219
715369
457874
767445
124699
382469
153276
386709
619334
954989
648699
49398
950451
89216
181062
709321
206461
83621
842400
97185
754628
283361
2061
975498
413605
451048
247144
626519
68170
662146
394396
235148
139881
741782
270961
840553
850028
178622
150793
333803
175050
345111
242052
629927
401336
412953
510024
309268
671193
967102
241287
746620
196124
331279
413776
890634
793516
306170
105724
704956
985721
860644
699015
912977
49766
224796
149388
182583
989486
92814
860974
544546
188868
476300
892090
198062
560601
790952
444128
572911
513359
828067
418466
91766
952533
854830
506971
410529
848455
793461
897660
200565
59156
378725
961732
14732
83757
742474
586469
471061
711656
42613
260289
551232
678632
291499
591502
470040
777694
763376
185346
79994
737485
338227
861410
390367
647647
727726
541414
666191
154689
560900
424713
528810
536466
13586
319409
595859
673250
868492
968216
837777
781660
554741
435866
732377
772753
884086
359095
345480
695790
481393
83678
688062
833992
632001
22966
931841
602688
585283
34016
892791
765734
294468
396621
180824
396894
400240
153822
484110
130569
748871
573443
82969
648542
513558
764796
313895
345153
534542
248037
371132
204432
638532
665766
933029
975970
67059
918308
208099
693740
339052
809464
506379
598293
984442
315919
19974
791040
386236
825598
243948
8100
168372
659559
405341
99696
234956
302246
407673
717076
898644
26262
247537
357947
208788
737527
605663
364386
621193
347100
238724
98010
477426
251512
863285
696085
664011
24103
789672
511283
229357
719047
282925
756205
106564
66044
836375
691476
570780
994022
491470
199166
205997
416561
283879
636941
859144
99036
244232
924032
951637
415314
668937
840281
244077
109053
300458
912276
400310
320889
928906
475707
245951
158813
946109
298385
145368
18952
887417
850889
94030
270446
74190
634505
338532
977955
429906
130287
97113
258247
488889
560412
599446
804217
335710
476955
605384
477910
627678
221475
604738
154963
130181
145036
584285
789277
798417
14221
460979
805642
696395
234146
787622
231422
190885
389006
60721
75431
281411
276360
512763
800266
634834
605191
83205
630200
160929
979028
114501
584932
664564
634357
746082
214436
512477
885969
58120
462814
788359
902921
501020
806363
367521
938578
661326
131815
908571
729047
618031
709570
668861
913934
814498
43560
366826
794651
669569
316231
124738
361108
877818
686830
412427
284970
959282
839118
808705
670284
292806
189896
769659
79493
897898
411371
272966
252393
31056
281485
713257
115998
120334
447316
879896
765618
765787
47345
229179
248060
720673
794811
721368
300082
786085
967339
442410
998106
464983
568054
219197
688863
587390
534659
319284
495348
451301
796151
11433
70098
580164
895734
905924
927574
832772
223942
678540
323722
67473
578447
614973
280754
746005
793741
837516
908638
871054
460551
678125
657872
829288
226174
831943
612370
22459
916645
445902
462730
328767
57812
949630
664817
288078
120956
345368
674535
752034
586246
394034
453993
453006
15892
719021
760718
492275
998172
271456
941727
586308
104763
692135
557597
862116
955697
334785
690912
259507
287573
325248
580326
874311
190271
411644
292213
148076
359064
537986
242390
857321
637600
9290
186037
579280
154206
121247
109520
965437
880689
849120
148642
564233
890903
840348
862841
994920
720426
642125
167752
169996
664209
646248
864079
462101
101597
193563
363236
307104
707022
979011
587285
799060
947276
887243
559028
405943
689658
987275
603037
117337
35976
306471
732877
80045
956868
943213
95316
588029
77706
690648
606262
729648
375516
232983
840920
301439
995025
28654
438507
598090
367732
636506
317567
500012
254386
456109
754811
618636
612903
886321
960789
949026
409708
946309
113091
548663
538529
864113
943278
245483
642364
936016
75167
792524
246668
365949
474606
968011
411181
409819
863088
223489
304622
400857
672087
899645
556385
410100
309597
6805
765805
802209
428828
510354
778948
409895
53329
325050
403786
978633
104551
407577
472761
610890
285912
306793
369067
506453
554204
704202
388318
459708
152227
21513
226389
343577
622276
785222
410852
804196
786390
366721
409817
972663
534187
64421
484234
819069
152137
506620
746091
483247
753058
536112
859804
793481
542980
965958
803144
560637
166800
899097
526024
467969
475188
391376
666455
231591
417909
552690
610404
118314
779806
284812
56358
163215
110310
453624
391466
576959
223541
271620
373983
866191
852320
108446
576986
804538
378855
803809
423555
324770
551959
863961
18625
564946
111349
813296
938055
500557
65548
663705
897080
745342
620758
691473
935990
390194
134155
716932
71079
798910
175239
89337
90145
178982
209033
642438
333597
491931
710317
731525
495399
90297
172712
166327
183172
69106
709422
128665
825308
461825
172724
419194
491658
756298
548229
48800
991476
173726
759176
353179
665663
980015
36363
507295
448897
557036
248831
153994
386197
698731
678490
918347
765815
759020
575888
293934
777222
790890
191400
247354
609899
977975
924925
223911
822595
938755
367828
140900
290879
273272
551773
886279
186048
965125
172207
141507
334623
711083
438286
939858
200314
130743
521316
914515
910207
519738
912727
950462
799308
281721
677869
606060
22488
553612
721205
718007
786833
960969
844665
46433
219637
430796
328253
172941
427663
842749
317836
605533
88812
638307
28363
450058
783161
37099
816152
307422
948401
533352
149002
485077
293305
28426
396669
305115
368400
424949
388601
482233
46272
642461
382276
713921
32297
682812
608138
363612
823000
620691
185794
745165
417149
545755
920836
417140
150242
788544
233803
763322
976066
581858
339885
989301
240307
984663
596270
85882
975845
229980
186791
222808
541784
130146
161475
479134
452565
683120
568254
861685
205531
461457
770969
400580
515518
204933
756438
362442
601199
71244
769498
415600
327775
232853
229628
133294
500372
313013
565189
917445
15113
153782
683328
433564
492335
657756
171868
556567
885229
474235
875520
976240
14165
207326
342144
769095
515704
489519
244064
408916
234803
376694
481434
380319
460999
264204
227738
437257
648098
81171
16601
899701
565515
397918
419484
32494
617266
921
60489
259102
577922
658219
813622
938007
621340
324764
842332
685554
509391
325329
413441
575673
775660
279719
889576
258822
469266
438711
477788
147928
270732
64638
907355
251393
965396
706277
16290
671562
719978
68411
496317
902847
284939
112276
790114
27878
68182
617973
59424
986368
152770
235816
846848
785237
511511
644522
633397
249537
558311
518116
979962
173181
753432
81709
344545
467861
613229
391565
994618
290422
451968
896924
958878
411881
257875
961022
341332
360068
783831
818336
373303
940403
984953
890367
579343
855049
776071
640831
769073
224629
258315
33986
809837
294528
201148
859314
829268
850193
223231
182171
49585
534073
442554
565605
190973
398793
510977
969069
927883
765889
741797
664201
508184
74386
972153
759268
140721
738904
24620
334982
142093
968734
986150
678294
731965
28098
181897
77022
553931
943461
383406
115479
998065
84574
475264
107932
726472
575400
239584
997850
28927
399496
435674
827880
445348
600993
220756
681604
593735
491295
529646
234547
760674
293275
718153
84266
998576
602178
656756
58886
414425
929070
641862
232986
381165
262522
482285
319473
323326
879505
871481
208882
932454
261406
615596
204126
831854
649378
699120
328171
75219
346889
587427
349127
355226
209307
958187
535237
577940
172603
426910
426982
389301
291068
42019
580896
752163
890026
582339
332584
731093
27610
815183
941702
800527
347826
387946
54923
887211
575416
99835
990716
936132
837615
537272
988230
413253
964125
720054
574926
974245
411065
205421
976669
431237
333868
779471
646607
72223
595726
693555
626484
423768
708478
64392
302647
350575
515443
155196
865124
375169
581235
932232
49572
993501
748066
312269
966552
525975
549475
525374
46334
631497
191577
75090
21054
794143
588511
408651
160822
313821
9118
495490
678016
333791
805511
454513
584188
406282
297339
550984
695823
450254
349776
961773
675750
806161
561521
381007
894573
158645
52053
139801
915320
756411
22325
655102
673280
886265
315409
847641
766452
820512
744272
20164
358005
297714
634407
322022
760701
260538
412533
151136
39653
302616
663757
548590
767291
578709
405853
462077
131781
727347
944869
424584
628888
473733
895984
317632
640992
152910
665963
347555
92367
853559
165958
959640
960932
756053
777471
930112
960993
896482
92590
529974
671042
279182
513407
876146
91798
526320
987296
949188
848158
399782
682155
28803
82374
520335
119834
399164
986389
651223
823684
624175
692358
559247
243255
304780
408230
202637
14404
899979
357320
75727
790912
313651
173230
664150
617216
359434
556129
608728
617823
21006
526443
542483
379574
330885
575810
880240
692402
520862
983846
337126
112703
23646
458054
4364
138417
537447
618969
231018
770328
342891
775127
225402
295030
260899
267124
716889
282167
240977
391094
997725
105820
779449
809102
508448
945776
846445
78725
182617
162267
681113
957867
865978
519029
11892
466812
612596
838800
846838
101795
16945
851159
902560
177786
504329
311550
526735
633384
630047
141638
104450
72387
195111
5284
40384
163644
548
330012
98447
701409
889053
341905
824249
110897
734603
65902
454674
605892
682534
342146
811605
157033
660048
920065
250812
485653
639270
629201
849639
398417
140883
917353
326057
855947
807061
356029
984904
750103
919265
888112
143235
198501
321386
74681
7211
902444
359805
27163
265242
106726
295226
321975
952046
424057
788734
123557
523183
84009
227535
191752
342352
932841
135480
616904
862752
794560
834318
727910
293061
771337
678381
30022
664239
706747
487952
530446
606116
771167
69552
989043
193350
367586
564239
112488
817539
904954
706098
280405
163911
997696
299790
74185
783412
740515
449943
149696
891916
361841
922620
280461
587878
758152
672440
15414
172268
942599
356477
171350
31430
667708
329652
237464
947471
597644
512369
358299
549139
928788
254804
650326
45345
800843
753806
75242
419172
411146
888996
206496
706936
417078
500607
553265
527926
411692
59948
733295
474367
372230
722579
372425
999231
128468
813938
886921
257928
533609
153378
262246
294906
282658
941464
294020
932662
955293
775738
182434
423763
386828
877840
72926
733192
524589
756151
864426
536730
504901
88321
282392
766636
377831
754362
234859
234149
190280
340849
28314
76824
415132
273664
138420
249476
340414
461159
509506
356290
104152
504793
757391
651662
118757
453966
36135
57147
294886
27108
581832
631214
421204
897970
841595
322532
236839
975840
48438
177404
731116
745629
716296
873171
998310
355996
599521
443301
371862
933339
606465
154813
589493
167311
860232
394549
483378
47169
397847
779542
195155
434076
382015
724536
690318
771708
462755
548292
402501
470763
977581
694803
864537
713819
381785
532497
351598
275156
248603
273428
733228
685069
698040
533038
613459
765099
285217
841460
222209
430570
526878
706139
824757
359920
401581
494969
171443
812681
250133
241346
53991
372399
991240
227168
569729
450320
294449
408864
829322
897485
210203
409121
417517
339072
526741
46471
850314
385954
453836
755649
819213
418424
235400
144653
517804
712175
64820
276841
861415
73753
63391
492020
889678
118346
322037
553188
694056
710270
258743
49612
84242
531965
31318
182481
194151
253345
423983
755547
519008
736946
387844
95270
900970
521269
600161
54056
718088
60004
260899
213760
872311
114139
701697
54705
619324
139022
637374
849948
482860
737349
71732
387917
700852
63562
592770
657287
667922
347586
80807
390567
51270
262885
855460
841817
238832
756848
281627
890563
707678
373439
87827
848371
530565
66689
106300
341868
726920
779477
9102
931259
973301
841489
544248
653829
357896
154480
928821
651346
25861
883211
120914
294396
641195
448714
798623
34640
377767
207463
467137
619120
910359
186060
41632
472885
546615
66127
801940
487569
39913
711860
261694
145484
896110
472485
845746
925587
465920
425006
341264
905808
893677
890438
965320
936959
33856
632892
350965
2478
234816
651386
117471
151050
570967
160130
108451
473210
818636
844399
649993
446893
556177
916444
805447
724025
309037
766640
68198
856404
707087
312392
847449
815985
779940
558055
180598
994305
715234
132964
702273
643217
486148
325720
805220
566369
381941
18314
507585
965877
964668
463501
339182
186857
194432
38053
269187
16137
251846
322953
552885
180215
415743
902101
24328
411587
783288
906949
957485
891133
57328
223614
624583
978707
22170
273180
343555
859311
634286
216666
725362
598597
993535
102075
727954
50864
548783
7719
766152
819204
862766
214069
182356
648862
807401
179362
467263
763272
826756
908061
764786
582122
99935
83086
9191
94046
977432
98967
274257
670780
883566
938336
841989
738857
945673
324018
963210
265202
908332
96077
303898
424063
444669
179604
773174
802394
312853
325643
183256
576360
934492
429302
676462
902206
379721
99794
965404
480567
351583
236333
83348
759114
989860
791331
902260
931719
33873
147914
834832
861208
315300
336047
781860
881989
523422
299313
256279
847747
46599
728543
366335
227897
806145
991560
418281
714252
527423
222070
232515
644054
591668
972196
329822
222506
827782
457330
437830
458445
364949
251271
879366
24726
376227
728425
801774
233717
16833
676645
117344
32038
238874
447669
897117
282890
821842
477977
335659
216590
699862
941740
85521
753893
305874
73023
895075
786718
372369
602888
724335
500568
796109
459468
751273
863613
673242
371664
52350
796674
716625
770555
560914
985492
565180
496708
343797
386216
288956
512979
175258
491284
942829
103530
269405
619392
114851
573063
95211
611276
565040
904350
250821
820246
651334
840440
985278
927597
330905
716523
327979
92847
127259
546913
677970
73209
583787
42324
97236
508842
883252
971234
778964
266105
339646
905867
283422
315327
248745
231471
59302
458662
940802
649551
676231
414399
500318
903093
631482
577159
404037
403939
358599
846959
876806
234680
255814
311019
584613
853405
515908
922036
321703
849176
203398
638926
498316
693021
73469
124113
92061
189894
96141
585919
90493
50914
240138
850687
318290
648051
788474
41574
602709
564812
536771
461430
750159
247179
145149
927442
462665
613967
770647
453489
733478
519224
904876
32766
929883
692500
298840
990397
369466
314339
642587
74421
690670
10454
327978
433293
751576
447692
496959
323683
729728
733142
685206
865200
423325
61632
315721
834671
561508
884329
309305
463506
266242
860886
706209
733217
521628
674177
596917
279176
934102
882995
172212
36095
38467
749869
991056
577978
834996
630763
420676
431385
239160
718089
547442
374228
782717
925196
783488
309975
720803
295691
991
856505
610775
143244
584958
920240
784003
326793
738123
785552
237778
453888
284671
860897
686216
132352
346158
831091
177570
654398
213155
752304
442562
201199
688682
39281
713565
236677
923315
374029
146112
10400
714511
53565
407162
938586
39208
779371
248258
702138
81759
908491
66435
192099
955938
349581
886356
970191
334050
346865
796105
6102
470211
543927
53792
40122
68353
767758
509319
404649
231860
251418
501464
359288
856688
753375
217898
523817
172250
930082
337856
435632
892232
270459
547866
687499
905593
24165
750013
954860
668549
106649
352343
826483
837393
143162
68107
79736
878240
387251
928317
347599
207714
624154
709307
480575
411589
316232
725580
948431
949300
550106
323759
276812
886365
557010
157072
10424
67407
149822
432854
981616
954224
367937
859162
565445
750439
466540
736187
787574
51940
583117
802275
496615
599935
458979
988007
244849
434952
934055
907115
921695
271580
190276
216607
65424
59276
354953
407743
291125
484480
1525
204051
300801
524488
454843
656068
908475
156075
891991
946425
534688
362389
696378
536285
492742
108887
974765
476811
253518
438677
527853
161728
657854
929720
815127
229618
894660
11
650879
484272
847515
447579
54870
373226
14695
974871
864275
649773
581389
235626
593675
235070
115742
812670
890336
147250
556953
922317
764808
267539
314708
756725
853000
740774
9945
770808
453248
849203
203670
805193
238845
81055
867143
840633
429973
513532
373866
905399
554253
436009
237472
753791
882729
598562
283888
163271
724871
875538
197673
875647
309283
495239
151747
307001
557122
568883
572093
950944
498350
455838
371070
587396
542417
807548
659125
170584
869931
711888
404772
489352
165232
684199
539585
723647
349285
6238
556055
578966
568393
588418
639437
862526
467172
815527
706762
910872
220118
903345
827246
483478
589852
509925
988773
922873
102028
636794
547274
580794
236452
310170
60622
697707
140799
579391
515989
159566
237703
658658
962038
2507
336561
413954
596255
670453
373651
699429
823461
711153
187779
693339
373539
49875
839865
994756
31819
859241
203924
388400
827201
741605
226091
898940
962408
659843
419612
911063
375579
536401
348629
735113
666710
679511
442870
718537
621784
583367
613500
602163
713457
321020
439593
613505
127816
612156
370705
901858
405690
64682
430423
159831
55401
125455
536589
334494
524644
333589
479528
633161
938598
297790
454456
947241
572342
646555
457838
116707
721381
9563
313826
991649
862044
475588
231170
38072
948912
453856
593649
581349
254721
616724
921201
804416
983443
26334
59376
898419
526163
669617
849313
414926
224433
206835
313613
145981
301516
309380
211144
635177
15621
568385
248976
488983
509114
405008
542003
407611
800400
167979
