67925
37100
396699
217070
437496
85127
653219
566160
594238
680370
78301
476778
240894
259850
412297
162156
639081
571703
206434
319372
491730
92176
91801
130325
229024
264204
379888
728375
649404
438421
968796
643837
8884
80583
721650
998429
64683
396349
583472
953763
155459
110901
749282
505898
22591
182141
986528
62195
420885
83986
261963
412754
586883
185633
637058
737008
388923
547677
569982
142747
49951
472970
256822
413971
204998
228292
525615
449607
743779
889727
692904
603123
211482
875473
982316
153147
983408
6433
418156
494141
818036
560460
744063
454680
75491
794462
16813
17172
893426
415112
441675
730580
18405
734735
929983
736693
977312
375464
980504
107876
514003
223116
903818
28931
207090
998985
563066
374806
203931
709430
337959
903572
842349
638064
799677
250033
594071
691576
665788
285773
440565
128599
871180
976434
664340
830682
99821
862575
905395
295606
696856
5778
233719
195781
100236
727039
229681
27501
586849
827474
286345
205560
253939
572698
843136
24664
256554
528631
950878
113750
431727
350688
24276
648822
431498
73396
974413
854043
668993
963216
679951
483045
700810
660954
930240
289498
576955
829138
52834
769938
809700
482683
193936
891551
74860
502777
444685
410223
338017
527223
595365
603341
345849
136892
18520
331406
57254
529754
75636
647517
947564
108352
782197
847828
882632
559207
815749
181365
735954
312390
332612
529711
391168
829195
182414
586350
540806
525389
843041
542867
856590
675306
993777
804819
316909
79725
784397
602147
944668
534482
664513
205535
7936
395162
81893
218228
521876
533934
94780
9660
58611
208584
888893
292804
851008
391390
950242
120903
124041
34580
743203
236558
754706
9025
346402
117561
404019
234423
709842
841585
55187
234088
559943
402263
975006
110145
864807
378274
762510
916842
509242
32301
163338
847978
972950
648358
536948
502729
289605
271392
870557
90878
166942
809349
39219
795081
191985
774092
21898
662559
54656
664646
130308
1050
46973
764415
50248
361455
571232
274959
572983
11180
524445
348010
589302
511322
355386
678457
134621
802590
792326
259056
824097
385801
222096
969377
15292
454907
511733
634507
803630
322362
868819
80921
996583
794855
980284
591207
959826
167293
209987
194048
26736
303190
239170
322966
789520
134125
569142
40165
54242
103484
901175
872376
536771
998040
77585
376507
960416
539062
746132
923193
406297
900396
364721
756350
680020
551568
877662
423397
62137
55318
473045
617180
682789
151114
490154
480021
292128
683419
830748
61130
386601
457375
336668
395190
220517
452050
247617
213613
956598
229385
880473
933601
146347
321568
569247
529246
211824
501570
930057
35490
416613
639076
946349
601777
701730
133543
139933
115715
808601
299989
657851
906196
367462
681837
134501
594974
983844
911901
301233
262817
925820
751255
427252
172926
676789
549209
276719
747784
973535
522393
65058
424336
294173
69572
172630
204626
466613
92628
881543
462190
488596
163357
43461
456072
217103
56169
36988
782914
289256
526868
406636
593395
957535
242965
656288
298058
74288
892440
545693
766824
687938
823908
155443
8325
492993
604678
435728
18904
750504
540510
365576
735533
50236
595903
58915
218004
419971
352438
587563
354682
507631
700453
38001
281620
418137
192613
358945
723857
934143
829983
624438
831788
146761
653931
670644
651253
713739
948587
812783
476633
84891
750356
883504
645966
619287
53061
829864
163175
917475
186312
668294
652889
656526
747281
526419
27865
675589
827531
449905
237602
59664
164373
360845
706418
463165
788918
495481
655320
278420
490782
838076
54586
407470
295941
753713
494195
246306
294903
848070
54563
164012
59814
671821
642309
861974
891265
495402
862836
895701
359147
695374
475499
170013
885478
498121
715818
267231
751515
971042
900231
419016
775241
83526
851039
579876
447169
964411
185227
295501
388971
827208
917905
179892
566674
764002
293941
278583
721895
450226
489933
581205
693571
45926
264143
603408
416452
8312
726366
390605
53872
395422
474041
531434
577229
769108
874775
478125
976058
350719
339933
868066
742024
905258
987002
533472
105584
17402
375423
413984
271530
506046
460387
516661
409354
2407
757801
526614
506035
924161
469672
338766
610500
363967
897968
801449
221989
911888
505847
728960
963983
436494
838970
951592
778434
771807
453661
23538
941721
871031
954986
996278
913294
484730
910394
65730
300125
321869
209690
801702
81984
644354
384487
235705
241501
77684
838141
918333
864653
183450
300567
975566
476743
875750
779954
336681
419547
123808
793334
652562
204890
900714
257744
648277
701655
210274
168482
898263
924889
400501
333870
252619
924121
517458
617173
428438
309937
769205
714475
945268
45407
623409
3493
934914
143448
758312
363150
280901
561955
339876
973044
906830
634919
890845
587477
715064
1321
635269
526870
849680
748112
420865
145015
191929
323999
981443
210742
206008
55488
638481
968265
268520
448058
52392
537857
948169
568215
308504
730310
606608
730946
945646
553873
709549
766394
432515
186579
230323
866517
341578
582547
68274
301511
111295
579821
498356
489885
977164
590347
976753
342813
537783
233540
794503
572131
277107
547753
138899
803728
944434
763225
96974
337280
679885
531131
704341
375476
690477
771623
363346
777420
557623
659210
77490
797724
14101
170778
29580
470003
786596
480966
640151
562337
613556
636516
270300
577660
585235
554857
720604
661069
859237
986760
944432
744440
396421
531049
288279
111943
897049
623989
356655
249621
214007
122904
531741
244247
913118
370850
562301
965169
124213
606902
482892
32652
847941
47827
82336
64320
444648
489205
268567
556128
919253
425552
103688
332314
391406
5465
952611
527758
155290
135551
210499
585217
116184
605633
248859
416066
34070
561770
344046
772806
522731
92052
911046
159179
353424
916200
711139
51404
697747
502444
613875
765539
261122
72666
164058
493779
479931
443086
536435
711044
244734
181279
492828
624826
733601
662323
30127
239207
763148
893805
388675
695020
592207
629530
84202
756964
323415
842243
912029
777044
546712
972963
517144
856850
510531
977653
890277
489753
224405
147921
913161
974830
154144
359931
483366
900098
243875
562959
820153
205838
609922
801370
698255
368671
199308
484149
315164
400532
569400
771771
29183
382345
378447
366844
774872
933923
305979
277423
351131
485465
861541
336200
366244
440295
849895
344006
200906
895195
424180
388189
760374
594982
870535
786714
173147
501669
944030
294720
86118
995314
280222
239557
830275
490699
124876
101350
799240
207201
775804
305202
306883
485930
582540
12151
346143
510930
275435
180350
82585
303215
944304
368
853350
930908
400784
574447
273035
546407
75952
680185
544413
94820
430100
872146
746442
176195
78022
566913
661470
988631
266349
852988
284172
53946
414445
761822
956630
859637
176075
788823
676105
638157
344873
289680
596120
523730
881105
328060
788305
357931
175687
221253
168015
462387
759283
954825
575609
323144
881283
548636
17596
555574
9140
602266
621566
740045
11718
599607
439561
483524
439598
969902
873639
220952
456686
256625
241468
247179
705739
414964
792967
716619
627925
909115
872390
688280
534070
648355
505660
147127
914610
2301
399673
51932
349772
223723
303754
260748
495811
339836
937156
685825
402409
677242
100843
413037
177446
613616
596621
447369
786801
535687
383988
754771
27035
616696
988811
620416
418311
415775
357237
276307
822479
200618
966056
834532
101895
516822
873693
927519
584969
151109
204268
464380
945573
758423
207770
740324
525622
920059
444515
640788
336794
900555
859815
617063
125510
152075
761372
877991
6568
196140
519474
985928
841527
546040
65663
592645
23877
681534
47592
619135
89033
119718
627906
343903
564829
910163
209022
703281
282622
24121
172523
958953
975699
718799
450762
55360
379613
138349
575479
571467
709368
172233
824813
988971
978412
229442
151960
27545
921505
139378
262276
753153
232345
281616
622657
360819
920087
708569
561700
683470
51585
230987
760581
130323
814211
346051
851326
352290
895483
870103
654700
998917
95964
132683
91216
678173
189874
810565
907459
613623
97053
19950
955960
368879
230004
718791
996984
30697
121451
295209
334033
229777
169462
145799
205140
960447
596735
733427
918184
606528
361645
709040
421009
916079
712051
620965
141461
696324
146503
432741
136437
705167
474163
846633
969532
416199
945426
275165
148340
239035
597182
676346
295837
147243
946570
528794
700882
181980
510191
135010
419796
336906
288808
709728
941937
367612
668251
514397
934568
314208
71501
181695
144606
179132
968104
611897
724201
723473
33586
635677
463448
406148
866339
173133
220153
613236
944095
220102
721736
868535
709222
446316
515566
412192
905280
848192
575001
217259
851741
844201
118425
435656
384975
213831
443041
278886
434295
444632
132121
883677
282676
391564
486053
610568
710833
312066
480625
581309
891622
665984
963790
339569
906954
36934
864435
995753
270437
701003
540876
248837
819979
660047
123479
293310
586162
885909
609239
983409
973416
626098
513824
691299
942096
969098
417019
57699
496073
830309
20438
193721
630963
995100
133887
809328
497690
745991
691165
102649
577302
399081
299854
302446
459525
188226
785172
849764
261534
474273
945221
156300
836048
810056
45439
673669
261277
421476
767768
82716
34989
834282
344545
354211
25587
481954
896048
801273
231903
268171
308770
460569
615123
840128
205087
143239
270668
139480
770613
245371
159931
30657
380032
974282
679072
263885
502693
42454
323778
916095
651132
430218
206266
924205
145241
135678
419840
696213
776158
244995
864009
313843
143998
880224
397480
332417
19266
710482
729354
964168
495543
82483
584113
3705
417156
292271
610611
730038
392169
69500
787260
885781
242198
597313
367023
139437
775015
419393
868246
125787
969925
448656
595802
149863
767763
300408
335786
324806
832550
595316
516682
683086
688836
349013
933739
812648
266377
651475
398989
106218
764503
585824
509288
133360
248922
272794
60069
958487
938164
545830
992696
214245
181638
965937
509965
359216
450572
679494
92269
716601
695551
872004
88013
607269
467027
346948
830167
709042
879122
474136
338377
511391
141632
94611
133308
759608
511584
925221
204829
846695
103628
971393
259566
23180
98854
930889
125882
594056
498400
45423
551932
904532
82386
72334
218371
412278
478208
794414
568941
494200
498720
677750
459878
721866
369621
448512
952665
174030
334215
966345
456054
246043
792361
182049
702932
347820
594140
58358
42695
177561
648983
658750
27481
373323
51433
115050
745000
286975
339026
109687
396225
585183
414337
250160
282298
361811
9161
497792
306657
242219
739950
916215
243154
446332
11264
198370
853760
777966
609496
849819
50567
69425
334130
612405
89933
433876
34748
165417
92380
597828
220350
31382
550579
687332
784471
786924
67673
684274
673659
478784
928862
491125
637546
142721
615205
434088
752485
700009
501951
847850
213700
576066
718860
556865
952841
342892
881025
351502
761595
233382
254441
296109
929689
987098
275186
974375
969741
48367
246075
612780
592444
675340
335460
605192
924583
95595
373040
583627
652417
425481
985446
935443
538569
572415
152799
835617
422262
339900
389168
949908
189167
533712
684489
276587
665618
678176
903004
423879
733283
757228
922489
746933
330015
540302
476180
647908
616755
726374
766833
703421
261627
914768
702743
115742
115083
999384
647401
528468
818995
143984
159871
295669
142476
613962
205376
445500
723923
742461
515792
667044
151334
672909
779687
302220
434670
158453
55174
265561
505538
429043
741193
721522
843533
279084
131525
877844
485243
18329
385005
298260
296724
966676
867502
132069
689931
253516
850441
536737
676463
780471
967654
66932
48280
942993
156805
195773
217166
655830
476323
315189
17025
575208
457494
278990
589158
532181
397952
884676
454525
854462
67656
912570
231493
316398
985117
250703
305312
508672
402437
151695
928539
457637
507804
778875
636725
349874
861616
520597
608237
438309
665371
2066
134252
71476
944689
115160
25684
239454
536382
864358
935799
9598
421819
551561
80602
571392
96377
129000
677650
717710
834566
847035
695231
248573
224614
573336
608688
60583
396266
326542
525325
168378
487791
526582
743956
719401
162476
451880
896193
213391
378934
604623
808279
715942
921957
989453
134439
341098
122659
639042
628690
30774
206879
525595
165428
792334
667573
60326
189354
339499
724
186819
136118
683826
116127
675474
807360
676694
717043
30836
254666
61990
726675
242198
733477
545536
204857
180801
362485
501211
473449
612696
24043
702761
957623
155540
769037
303681
587153
610060
316324
759056
918919
543810
121860
17632
939912
543688
135661
455757
715335
31017
99705
943625
247980
41976
471564
353410
893832
897807
584724
923884
303371
680746
55847
820351
61019
688379
233898
613559
402252
811866
165772
985567
566852
560664
646487
192831
989840
254657
274277
298899
641374
396588
711280
722228
813229
517307
528017
705830
600479
977071
216719
632488
196219
976758
941953
498271
562690
877019
544427
518618
10584
461285
84254
677289
184336
135255
262016
399012
807741
943488
944684
983265
203068
657635
405636
952214
475611
753938
665835
56898
300628
585248
325000
771384
30894
195684
808431
953276
462681
193548
168107
942951
594738
836885
39100
965933
677040
724048
384277
269258
192239
361772
376011
135480
316778
668710
112122
905004
97420
90802
799384
653831
916691
343149
384749
865179
49947
670829
78573
781245
86452
279860
152714
331377
718715
86609
925279
594632
161280
901033
332072
509421
599200
438986
133870
957772
825794
375255
234125
90858
767959
698064
872973
761426
672630
22840
434214
698845
25836
302500
688157
917875
133487
997547
639849
662636
689773
687355
86296
965013
344060
934423
157626
585445
852442
808371
704092
128992
350204
875482
540061
691966
706086
784070
462598
194071
400403
502537
275960
467157
383034
812072
92838
26120
110757
644902
442690
935568
798395
292649
400042
624567
123945
633102
964179
1774
888075
325630
521265
229336
654363
547212
444901
183610
907529
681798
329809
329140
373430
455120
351445
777230
140436
524583
403790
345830
559237
456099
351174
597223
563088
906926
368719
11320
236429
181909
797714
819427
109728
277516
202343
986915
837944
994525
898277
58646
612022
478121
841699
335769
238899
738171
352730
900172
444991
986805
540369
990909
807898
924600
342133
823979
21471
28369
231192
130203
351954
395789
188617
111549
163944
687243
154467
843412
426203
708217
240489
695363
265502
579179
698705
373739
486685
936964
446766
848657
948990
907973
733852
181564
977990
651025
889161
7789
956902
749689
952528
420401
970999
849416
388344
820168
624146
243874
166301
749974
144400
106344
690315
387563
381335
28810
686147
969936
543008
745400
229257
599558
910356
478441
460448
983026
541995
834980
937327
237003
419627
7458
640034
298689
412767
8937
610348
333826
203810
309164
259616
812499
912374
580312
744562
533088
909247
629320
409516
412532
216336
432055
961835
68549
115392
906903
259873
865496
125225
116042
203780
201696
585678
319266
792492
342100
498440
601353
272539
362937
438199
714550
697202
946289
126398
333445
78249
738435
447486
999564
169141
556024
824364
694256
137156
936933
166868
558708
842775
638418
976943
359482
819420
120817
407479
456587
483256
446198
347777
837991
99075
91732
817360
696660
985392
633516
53231
24026
320410
939253
251895
61704
120343
592744
51744
47599
381764
649242
220011
213112
329725
688694
929139
389126
835238
121088
710540
939617
965668
162278
412469
432556
120133
334721
579784
951791
276965
623344
266347
810829
320546
109125
866358
743304
439030
679007
909205
218361
334172
376119
847870
635065
88951
309569
958936
778336
58193
765483
502463
720697
118164
856276
247163
946343
251725
276342
958622
285700
148134
149609
597691
734633
288253
123117
408278
445527
769763
383381
784228
902151
223000
64986
633486
640671
535803
952463
665054
880230
642878
453940
194253
769808
357739
344226
12521
79174
388139
918261
867552
606752
181475
326757
107077
437495
318429
869579
310679
772022
322995
446203
129401
860939
881140
321906
382156
486613
672321
295253
966979
672316
642300
575797
57146
213068
91005
22788
90976
673597
436916
475901
730000
317399
949009
212603
869482
33362
442933
899946
974962
163949
231912
272026
114789
14089
148913
467604
682325
963780
285852
63085
366169
827896
451580
698248
709272
309515
679290
637559
397240
101658
109574
105549
263336
493302
977561
18384
307472
311105
50050
536590
139881
758772
293329
869148
383619
19390
366795
808267
885476
957406
124200
951874
651676
650902
721789
138599
339181
364833
727048
592806
747834
908130
343505
12964
579051
712639
183958
107692
739448
803860
825555
914193
961217
92768
827550
62003
134222
191886
820623
515716
433331
180562
19523
892780
117889
954195
43856
834864
494184
198017
920318
918481
450453
137430
380031
836189
583087
974641
521932
625025
904182
763440
489309
37285
838175
879330
822113
721744
134473
306801
251982
577812
608303
211491
813284
282454
527168
197363
709241
388386
794464
891863
40487
520976
10907
764300
115756
393868
710455
290662
590112
583505
32425
68742
284436
309290
490135
222686
319085
186865
888435
143611
523228
445409
760762
188639
620187
177949
81874
537299
363418
642932
616855
996699
460746
245138
758213
153190
504198
531565
535464
190400
12001
954028
342048
175821
393631
48242
359146
970093
748559
66220
875205
760827
641059
825127
559400
776461
721130
421790
4391
838124
700168
63931
598431
15023
937099
857551
757173
262869
746244
455185
191030
401077
906634
452064
40993
469908
254643
552308
973064
108411
196603
872414
189358
170143
358891
20852
204034
61334
338867
8601
722050
515306
716565
904594
947409
61888
975390
171143
532354
664109
117172
621242
83981
486414
446208
471038
958577
758899
385948
393134
497068
508431
355500
594833
537113
923286
590578
56712
792240
135335
306198
206959
79362
621862
477636
760934
95381
558863
886235
746588
254137
430416
787343
870628
598275
406289
361165
890292
130959
543182
920413
477534
336315
771822
632457
616196
429236
667288
197253
157180
572734
116148
796017
258103
168456
236923
500417
746225
245733
961072
583389
394134
185981
642794
781594
435696
36894
808242
965577
92114
812229
734858
33399
80908
214293
843974
391733
905753
535565
266376
291818
967690
396624
5346
925805
581209
974444
376284
453163
891172
503665
104983
979896
694482
31693
165962
484112
31742
721037
308309
305059
936681
573816
904272
359158
762495
639536
571418
77413
681853
116032
399199
355932
635465
495772
374536
54028
10643
886998
11978
216634
325172
507653
133096
849999
182317
653195
272941
369285
373499
644967
530438
598713
975524
920836
107085
339322
450816
218008
726361
154122
695917
943584
329405
250582
703810
385959
252366
203687
937944
565579
411207
710670
78554
508281
585484
243503
569987
219589
841905
923496
820438
783090
589444
244297
810207
19984
455136
946543
817234
511530
429228
741508
793060
331551
75435
507156
31577
769190
899569
584257
358855
278843
889172
516492
526918
74760
742682
637054
467525
15808
241788
169947
187261
419641
365975
396702
433933
95570
219349
84940
672599
47681
7132
232578
93164
145711
628860
399552
613539
154779
460088
380853
45321
424557
722819
44177
418508
999218
518196
765169
104429
113908
155865
480966
735884
380810
631843
657056
437887
650941
887639
363438
760987
97485
325895
399096
998153
531086
764022
166647
374698
479818
402527
568077
513127
982712
82077
777707
737305
874201
120625
831641
602761
597251
807443
611558
783442
694961
21142
431779
129725
139391
599377
674627
538268
795805
976969
751790
598069
633948
930533
342656
777896
122444
16894
222235
275794
536112
988611
46179
98354
687299
178820
59992
171830
586440
408917
228642
732149
106639
470748
458902
634045
4327
717111
877286
534345
281266
236300
395779
798537
292080
584815
502100
253562
458573
503552
246438
833313
555542
51136
61314
367071
240195
362352
706759
945969
816318
158040
375286
343651
309189
971344
842381
689718
550396
785403
84320
559821
23425
979712
399139
653920
111446
556873
248314
367103
671699
595041
173639
282087
17827
846229
387401
399387
145366
886133
558346
640905
797817
679239
692865
296796
202208
613011
44629
315509
855445
668266
430627
69114
706363
418944
659790
649301
327349
449089
813935
788141
242088
418881
524127
65760
833385
464853
179798
574541
50583
228816
269676
376124
448960
963448
159404
825772
426196
979239
739776
792623
158879
743755
699441
211344
888424
287617
195942
151015
126710
191070
511815
778458
598835
365377
716835
977036
211254
834476
947809
496139
667386
296241
320854
529495
960304
33316
409889
178904
354995
888090
887789
31261
923064
964958
280957
883301
704029
747827
399659
907086
620878
364311
40418
348031
63643
528379
213341
56084
885531
810094
331991
461952
489485
249055
569530
108335
18537
475114
154108
790773
475765
980794
269827
271416
396872
622751
149257
108235
922528
706592
859878
524757
560061
564420
77555
852942
964184
367758
717677
70913
203341
14876
194196
979294
519963
871255
817084
863447
210501
270845
904175
108872
615443
856934
854937
748309
957261
48033
610100
23804
271176
277496
581821
306727
401470
448873
237327
186629
42266
619669
14932
171841
917753
917419
927399
194321
42544
473260
112396
243945
409265
746901
789208
554387
567314
552124
282918
566349
213412
949989
220443
82506
551492
103832
756278
209079
757927
341543
157755
184827
327761
756179
952694
694289
343435
549158
120525
519635
776903
108996
256740
901600
862571
605281
553581
224564
121150
693671
882127
582968
410433
637545
918064
311123
73876
845476
253954
32578
466223
561882
802572
910197
832314
681083
474778
860821
552293
924144
612508
265337
174659
325688
126280
784631
484692
393688
31282
291392
174896
647027
581687
424140
385500
37212
54935
917945
506078
216950
955974
966201
368728
48336
541646
9401
619871
421923
625353
671164
601499
559233
875224
470468
676431
501589
293642
455044
67917
990570
147756
132881
512671
504944
379700
124000
292731
236128
853968
409757
958513
422102
38529
958825
2108
381097
180014
729788
787317
616778
658203
761690
232938
848852
775477
744955
789805
187900
733086
881892
524047
783673
954687
630449
965641
984192
56977
670152
377059
291942
365855
854209
331366
533919
912252
882701
40720
223440
733395
512541
232059
222635
312908
91918
893917
104751
378601
178555
136695
540057
256105
319897
386057
902303
691618
560127
934820
702742
862814
282379
880968
612072
837580
603464
453335
476445
277431
411664
277234
780625
650268
810519
178773
457433
212400
752267
391776
897667
342983
469206
697453
437360
690023
460347
110919
813913
444139
962732
907146
513222
478307
109370
935406
352741
561913
455180
496629
173601
170778
934269
710517
55548
351745
236397
909965
111670
513131
998321
872481
213110
150452
966476
895010
382615
642613
359489
986291
293997
249274
329737
332706
821582
826832
73385
631550
216723
218383
242232
826711
428940
191830
108268
962654
887491
831488
398705
898556
289461
265070
999016
447966
749895
606677
716260
92229
575102
277895
828374
818675
301514
661732
894129
240142
143260
906976
119197
371943
768260
546936
933057
852456
190496
431390
673400
237031
69197
727213
746627
90057
838844
573347
391178
740536
619247
513044
532458
249904
769549
423040
805108
462394
802589
564412
797905
273907
450130
298073
407476
609067
618581
709505
479114
861759
430521
442295
521230
256589
160656
843660
562044
536614
683782
955211
939900
210195
564842
682557
483139
324938
309860
285247
950370
320741
463012
183937
705495
518445
670793
386202
310534
251343
547177
459986
664558
213048
18933
259125
4436
515249
954905
115506
539725
374992
17562
566380
134082
114101
545480
870074
47043
442443
650514
161067
246317
460908
653759
570793
565764
634906
380807
685269
554697
35874
115165
159435
613797
303338
965598
279606
378886
855428
860953
164413
333281
32189
66882
529199
160348
522120
381215
69562
550665
648540
965530
848007
322641
541525
991936
324552
354453
520827
32842
779184
784897
678529
916399
180792
361671
878778
121146
661217
724585
126052
230017
875610
234983
856858
614891
873350
42676
54794
512898
187605
257328
353622
452975
839034
426296
843412
541740
664549
638423
1663
715664
440562
305309
488321
256733
330586
476120
469924
781513
526024
612166
597895
380944
605694
952455
204201
917041
478623
935356
104424
195511
514908
746920
831551
271123
24545
892780
204620
144675
580779
540684
90095
306716
520465
314653
197732
259277
892094
269951
836290
888462
775147
782889
155190
323474
268737
392283
455950
552889
414762
481829
234433
75663
646483
73744
887545
799562
512654
674245
557639
12624
13994
881558
638474
342186
587226
389703
422712
828917
22582
924103
745514
819782
705942
894090
644227
449034
538089
771115
580059
628794
186876
804876
135519
386821
102035
265830
77656
392417
855546
381486
46912
342913
511806
296939
65543
47141
247259
863611
361692
307096
418004
674469
746218
638454
781946
376370
108653
878311
397267
330973
391720
91163
598583
884023
285570
383689
408018
70357
957269
590242
663358
6555
19007
299077
256729
627415
322544
120263
823419
355261
787871
790631
653471
484288
9865
270521
815961
794919
310757
508119
185232
385986
668996
666545
440019
27514
245216
604013
55493
848081
643039
466355
204519
516070
735893
40660
918302
647178
33662
103859
757320
205557
474904
231701
633032
32561
557803
72609
467711
396655
27459
340402
740736
239499
915878
816412
129450
186687
356289
919028
965552
738972
487632
268296
317045
754635
640162
467022
788296
698631
74469
927693
340917
58855
86499
401776
195658
531775
250098
355893
721734
303116
617571
993239
157159
588987
290325
131255
241469
421985
877841
378551
497137
617407
887982
742919
692279
244992
90084
809299
608758
20095
783103
361693
366938
782184
660388
778854
641264
950856
915223
417921
625704
928106
457158
903814
80930
939661
681479
984064
142657
378418
51648
25646
137043
98512
803980
570522
737793
70433
183063
208722
348698
57182
670859
503617
89797
689965
139003
543241
486070
440118
687043
238915
301801
951542
785491
534607
860466
832997
389269
367204
504868
588511
26763
862420
442672
693999
871786
462285
104674
581292
296687
865188
799237
743666
173471
780502
953075
431530
668260
66733
843614
125562
873563
199985
364060
564557
438743
540843
996209
244440
166596
503467
887692
331742
436603
524898
470559
215955
753138
81662
246943
562005
93390
385758
467455
333889
780329
107306
362906
277605
66828
361921
782184
546424
805526
694503
442944
46219
266480
936953
76826
516018
144166
933084
778133
410357
750486
716649
795791
840688
72825
54551
627809
135865
844463
647011
72121
469409
277253
938808
897287
717949
306193
454016
236998
729776
989447
472050
614910
726888
387070
358966
488078
60381
126560
100231
643408
460445
451166
683503
674015
439710
556117
479244
836134
116279
418668
547652
514408
589076
827637
24736
649348
490247
54585
216031
957371
318488
38593
911179
660244
421089
34155
313419
435004
918776
320595
188106
478685
848343
194611
844325
612890
452049
450449
935150
75453
550715
97083
734661
347669
794945
469630
556004
479469
80891
792976
379362
399044
741933
920161
165788
395654
74377
464379
252424
480541
323913
267624
511596
348523
526067
984965
465182
346193
553850
106597
425689
99825
254064
26684
299120
42766
299912
503811
411760
71403
205746
186101
154660
270439
394451
383014
700625
703361
782050
37639
835609
273129
838970
862452
594629
632692
492176
305715
250294
205629
534970
612658
677383
938281
781950
939993
140092
247691
750775
758016
399184
289160
942954
812180
367934
992294
766803
142508
710456
505772
437618
661769
964444
923948
862957
110824
902650
159768
305188
924813
317036
766708
99379
929409
977598
91318
732929
752650
577542
680516
745987
735863
764303
701666
422052
36526
350678
649066
997887
958013
805251
97731
261226
846681
379747
199921
346481
810437
381658
204513
10753
593568
982761
462105
989599
661311
770647
642197
496117
302649
456452
526179
885830
919731
717080
131398
278064
601904
623297
438567
771311
437234
959684
996712
136563
946466
293709
449808
985984
614508
589158
189212
423575
760647
656081
868212
241397
708451
940441
13811
980801
150520
997023
481840
397211
451385
515164
307021
452582
618835
961181
829645
82123
98017
306883
996335
503952
705715
10451
379546
341008
478367
244854
451532
696526
746086
581250
824761
814866
840034
491343
378169
659427
575096
629167
492904
180122
899805
473173
339201
235692
910174
226137
312131
829949
217236
4946
887620
989593
621642
996195
385552
828354
592787
708593
363087
895699
589309
837819
262731
499127
558506
82568
567741
861873
453650
885658
307595
26586
983474
261710
330016
357165
516738
571543
767149
68534
642224
972988
706912
953233
230711
49128
448958
275574
72328
398051
693078
231150
828501
342012
322048
706946
889194
925110
104452
23996
783566
764859
808832
670434
914619
104602
878180
365672
797565
423589
184106
725722
412028
207565
767074
685192
550064
472553
849786
642397
847312
743135
418947
837117
832316
790215
514670
33286
614137
158238
495253
474504
254736
165623
463233
538829
45013
465402
524488
871394
400114
655180
246308
904347
65474
130824
475827
728305
687059
991116
537708
639251
875678
852433
819714
364841
325419
63711
873035
982438
664325
721635
4381
964149
528157
29491
329895
990409
840086
200250
949718
212479
444909
906167
349233
884081
33693
70250
16837
24375
212092
697922
151163
481641
344319
305652
639728
996463
772087
232949
134270
204063
77659
204828
633627
175508
732566
954239
195281
4523
218508
293806
355460
995941
682003
845549
442740
485409
281115
576517
428077
722066
183385
161348
292097
725294
636746
623682
915700
541244
227629
39621
242564
686742
924998
130064
334694
720661
953739
79064
414190
65767
172609
933305
623902
875114
318192
118056
997334
435092
554330
912618
470116
923153
48852
161070
34822
3149
573809
830264
296440
595125
378840
425534
822174
464011
737740
698186
814364
166627
782272
542224
195928
59486
252326
149937
892532
296893
927914
445303
897756
652654
595104
366480
531005
114837
112833
211497
546446
245115
439805
280251
696471
123584
881373
257799
783402
318191
520065
776171
702041
82514
5961
553755
43197
635546
705703
970472
627600
860541
81822
775614
99265
833393
800237
920207
799094
420006
70899
560454
407465
646889
769219
359769
472569
906319
880030
550256
537304
935279
319661
108767
79545
612963
693233
819380
79571
721636
797447
589939
428645
920434
961166
798479
602055
249510
157748
664588
113659
966063
738879
822648
20206
280584
119620
921101
254300
411522
215285
860513
103810
346873
93802
46342
121639
577011
41091
290079
816315
746156
102043
133318
447826
365512
773405
170376
572716
53438
305281
619390
119050
5096
31429
490153
207451
731619
768832
928078
855570
818289
874139
75861
747582
633900
589050
338944
823843
653624
624589
456898
169247
526232
787869
730600
977925
741838
717495
798585
295645
548095
716001
363489
765231
59815
264924
430812
349599
977981
460492
526993
766724
565669
661989
823650
102751
130061
592548
441549
576983
717033
699789
826060
741609
104405
57226
614312
130831
700817
359188
190566
364180
974416
75237
180708
298097
62058
179802
443358
735301
870955
295504
529430
11224
914856
636157
975672
639180
479797
906271
458454
294521
206746
956368
713502
542568
502715
643017
903588
122447
734297
938341
558976
845817
452031
912755
612793
798561
988921
626625
627635
511175
936804
5378
74276
416334
652322
640030
207662
767230
198174
156661
22082
872277
93126
63074
289324
725259
274556
733827
353144
376155
483549
834017
143063
185289
298333
832835
825453
360054
589411
438725
901541
699589
519630
747829
326911
171435
355822
353903
345694
782060
104824
709239
673088
379290
364189
507853
72996
931086
356312
987271
963885
546473
852352
2987
344286
221121
595219
566194
837571
245945
742226
688903
514723
508047
565201
426549
431749
488252
16044
689994
77085
309106
158281
968894
707409
597769
372328
481102
332099
694079
353810
411152
442579
218976
134658
436732
742933
791211
324036
146402
782991
918730
839508
458205
850740
512764
317240
918377
714614
720760
274001
857697
267971
279061
820049
718650
325828
317065
625382
942651
958874
548188
305956
315992
292744
195686
546460
134653
190531
490253
95172
882287
399407
6536
285823
951151
776926
312112
957915
562529
130870
368940
959445
723113
682954
131774
614783
720204
112328
940411
950842
245069
826251
838055
182670
911269
410234
457998
946169
391102
577042
346255
276592
244509
495206
272882
43451
839124
971641
635870
584598
463987
889571
105769
606658
133809
256060
119812
646535
694808
245144
974449
259839
813834
791225
307066
175614
802535
48438
80211
456088
73784
105773
614253
893911
912852
214793
787195
327722
333265
182064
725166
241216
156491
150174
774438
966159
857877
436530
339714
847924
282801
773950
623993
23212
246241
534099
903110
692533
205851
985059
131677
319316
786758
213530
254575
283690
582508
630547
464337
904001
722349
309301
706096
637255
781604
200545
619631
938466
458000
518038
672465
928948
689421
748478
803472
847412
955805
395852
335694
855807
589660
864430
894935
660414
338957
683534
15187
367103
108684
766267
845828
603826
402181
992479
261014
380023
919977
265255
639775
727823
820520
834240
642242
959166
661703
366393
639626
792629
749134
556831
656687
548011
151816
887617
724599
960696
453507
583657
3300
841810
917879
735256
272089
103243
98032
574711
820089
208920
202961
617017
468315
555551
802709
250330
461522
824060
56062
630965
217695
226766
965831
890986
619922
344544
997246
470696
787211
797118
587080
289907
505856
14849
374283
509389
719036
110692
799046
618832
3062
435083
846915
156833
425608
540710
966852
372787
349035
417155
274182
552598
982476
208900
90699
37891
648032
304988
165119
938351
128054
656226
609800
390278
471956
479577
643842
933268
452913
141086
51073
466904
442853
241751
49044
111159
422562
255062
910347
448018
984953
507272
658670
13572
961549
702204
983353
472459
37255
228506
152739
719337
870775
374543
763195
59012
913871
663479
557813
272260
229323
400237
323984
197672
122484
736778
255075
877420
900313
904625
948077
948386
63536
663637
435699
450941
891763
138193
557168
486056
20702
430077
4735
991578
921851
206495
45505
961064
806617
377581
554692
985502
460399
142196
842340
4246
192401
373910
404756
468021
576616
900522
976804
969473
103845
999599
139435
481050
181106
741887
126078
919596
887196
629812
32549
531761
98585
979331
146620
551618
137946
436970
626703
792599
112087
628038
459322
864856
108848
905431
264253
772801
598190
258832
799139
88917
248776
712829
438591
960725
378026
896899
86390
72933
237190
589377
711350
47350
416926
27661
510324
600101
19838
810378
991216
811947
32096
991297
66063
684871
340648
135373
650843
394077
744875
728429
769501
543913
187059
771815
562236
253456
85145
23966
473982
644331
293910
632929
533359
371048
701358
421654
423953
749379
821930
174052
236540
95535
242280
664462
778113
473269
706036
904627
969793
901940
61760
470789
955394
434856
595069
950988
989315
456862
567508
142690
655301
676573
261442
984736
199185
771348
179918
38958
846417
935721
27090
917296
612273
957710
739471
286593
342783
774157
158182
398665
64686
870389
69624
115252
792135
719737
705123
154345
500264
700813
150220
474851
16528
638445
784526
88722
836783
804243
550160
124279
968836
13331
712704
823101
542064
407706
732906
198938
923974
719011
759359
25755
455062
101009
586422
583583
44874
777443
504838
961614
161926
66824
158208
604009
49752
764503
877306
789138
392925
979756
585491
494963
999422
329194
881248
834035
216095
611205
815299
582845
56483
829217
59696
341709
8900
202342
414688
599223
269832
109361
467116
688829
129639
773479
539539
113074
369549
134421
284413
389273
188963
25660
384845
680427
936001
74720
428628
403369
606467
733719
189874
105024
415593
966777
216396
704903
979289
526252
927732
515721
446368
563901
698649
426593
343246
252068
356899
766267
945400
555188
870848
316519
704862
732077
243658
419325
101708
244288
306739
41778
285829
447844
857065
151787
208760
452717
822475
857126
844536
931526
163307
547761
267878
969755
765615
951914
26520
759634
997030
637728
383978
756129
986362
137857
533151
70186
949298
53525
146713
632588
743300
432789
415939
402440
473194
293452
747363
916935
406372
799708
91234
910252
934251
414904
420469
502462
198927
130920
341122
221190
690875
711092
995983
540882
924770
997433
797965
455822
378282
897601
463700
306248
402452
103528
819933
918095
175171
235522
939787
297123
629447
439285
208503
652384
499417
167562
195308
628067
591376
852412
39365
697990
561625
7385
169366
682507
245173
754380
295194
7637
396656
290216
890405
647396
342705
370750
37787
432614
615214
659772
397638
9806
463134
270860
972572
159148
811808
488475
363457
746605
402893
712001
117054
680474
477798
921755
867281
958797
45927
679523
166463
509435
989478
583103
757684
252405
29418
144469
335342
765395
472891
887536
972900
754518
620246
726673
437878
564528
834598
253349
975847
169997
618930
495151
875140
998820
664062
245854
241920
475015
554312
866547
614732
688825
486194
672019
257538
468139
4916
107957
564551
728024
201056
808521
312384
735280
447210
653513
982344
159101
153884
781021
14443
270678
721308
546836
928591
108875
497925
400741
89663
135086
181681
856030
143627
623935
81765
616227
358640
427732
287784
650401
790397
873520
910054
527374
474294
449125
456182
643907
954351
8353
966098
532708
34558
61757
676119
40201
926530
600212
565272
705377
982646
575275
5586
823916
573189
438410
522797
321267
413459
30044
539650
655830
395794
392419
188045
403865
253391
663450
430981
531505
218020
527582
625613
387545
756528
129661
432738
173561
881880
872291
866330
408578
626455
520981
134527
7938
337562
747954
348422
920094
595610
163846
795312
124832
860329
819087
246205
346477
989823
510118
291296
669394
469127
672223
394189
346979
467468
285374
820142
835726
679597
405781
860017
778241
690064
239980
783654
804763
510312
364037
56874
35664
84429
667461
133294
115066
568520
824100
58754
541235
980567
475920
212391
463283
532159
709056
975565
954414
919739
875060
138805
914520
372204
81850
513219
966697
8551
922495
603883
628535
806465
472638
377488
558830
474247
542352
436228
219519
132827
420637
512690
210447
140147
113038
329555
940870
101543
71693
652868
152128
58759
10429
497874
754555
487772
802909
457365
511387
652466
365990
260920
993351
210679
109315
447441
502710
728954
207329
359575
176145
796718
353139
173017
494809
954630
759432
75724
712112
31035
172208
756746
784103
866221
102581
675591
945975
613115
40589
624607
836700
514492
596172
572905
350284
235337
933090
162373
862922
999602
69318
224955
207143
471419
980858
889033
31039
913816
686891
376494
840419
907439
759968
342758
612873
793771
899263
912775
376163
456342
880165
810955
297921
959147
750068
405508
68768
254107
663174
171063
687881
464002
183667
969287
578381
588282
459557
895857
804584
354763
821257
960091
240471
11919
714585
377158
845470
449559
482490
851821
716174
802692
993274
879060
958326
702105
660491
734492
195651
746195
636904
596379
275451
175267
814934
764353
431752
478176
411336
804180
610748
652423
817719
546859
864900
410012
285633
457711
450229
336821
891889
131213
495804
695320
479594
737853
541126
354642
293264
120035
641107
101912
436140
233943
313907
948032
326563
719116
968862
486148
826009
264189
288743
335108
996034
773065
334165
741633
142507
258095
758890
702489
430304
877011
645546
421921
221194
990689
891821
153011
299301
171667
892657
309731
964979
113960
524828
378813
284984
984647
816617
142588
388306
991000
405914
268656
771248
855168
365252
580415
317789
689298
451782
642260
408427
680859
587822
673098
477850
258171
100384
917247
699700
15481
483315
674526
924964
887015
355655
303210
223607
354544
494296
399845
598925
86640
256850
776597
419171
33673
146763
277672
195224
894354
408079
899663
292583
259298
223963
503264
264218
963664
409395
785548
949212
295942
202017
50499
164295
390614
903996
837954
566167
215923
74109
974796
718349
262127
968252
629717
719097
548548
491054
842116
848862
718958
323032
623804
126583
733677
267467
274200
201494
85446
914708
282103
422996
600314
347386
72387
686417
892177
995608
492202
832106
558416
575876
257618
50039
528682
614132
651120
750800
409976
697711
481750
284893
101907
973859
963228
192024
989268
526860
366923
382347
727921
733245
878715
652819
516588
408446
912686
703079
43221
323578
606137
799685
899403
602117
735356
633759
8168
319177
236936
828013
273207
635850
178978
463023
510817
59613
379322
642112
967857
786513
33337
338003
493409
653759
182
128737
469205
119307
781460
223634
732449
30535
640554
542339
718237
9584
427856
546921
398522
355242
225850
182444
206322
689629
156272
578484
156881
165059
713369
236024
388428
926111
671503
697643
27672
946451
911372
655597
575917
972186
254602
473214
104871
263172
597460
451763
922386
767310
564872
767960
912955
156324
943405
323961
950133
629034
153150
775602
715766
742053
351372
969350
243143
694933
201360
483474
477674
105586
991809
719905
87467
715379
43982
783750
963532
319831
162867
743463
432070
590820
322503
938234
853344
793576
902250
719875
594541
589779
344671
501066
644733
350745
952212
675234
888213
111353
156422
522443
888656
419929
638909
191231
105176
546293
422794
646647
682664
686348
633371
766033
767427
494038
291634
863701
128377
252893
785462
671672
89914
69282
715714
299458
673711
794915
309781
329825
706550
994082
316639
415154
588163
819440
852286
201979
275240
465710
751865
518774
919612
20704
108053
773462
305080
495795
440305
356970
353316
650266
776956
865369
560902
799678
591094
299604
71465
447504
262956
231872
573712
711421
731093
724192
332152
794407
219999
815051
774698
20390
530170
862191
253935
337471
145981
483601
881358
218826
214180
309052
851427
410645
235762
462726
640756
324129
491985
965886
482836
971924
74353
625816
213924
875566
314663
81497
683020
414930
724336
670164
110684
807943
880306
831473
480890
574534
921932
798732
957573
445032
431818
272398
718024
945127
542031
269011
792118
988878
940199
381425
206987
849168
608882
420717
465105
482933
782226
485506
262526
847659
445289
920992
551562
781780
968611
318015
82634
568370
347060
563752
951328
27403
624889
826718
996334
999054
774017
422081
26005
981313
537184
630099
610303
586853
546212
27670
676968
695176
761698
378654
986476
189872
973194
267597
379756
708950
843690
60025
904606
963164
34194
568415
124951
939714
206013
978541
300191
986434
908521
586899
684750
749917
274205
600055
521329
404512
919316
374406
423705
995305
775344
553198
368322
124564
51057
183551
651786
662964
602775
606464
498198
197631
82933
131982
755005
519034
65362
125619
656881
233071
21691
85209
286950
221883
521581
213525
343319
624165
185818
445728
734081
679708
576685
438057
51853
383575
370219
369381
871353
797953
774979
38474
310252
76294
722828
85054
190129
248422
551342
652518
43873
845247
422723
408496
889532
794241
424012
476349
649560
33981
245223
200874
258121
930610
51908
363518
706216
215870
265412
44397
526086
160029
107132
201242
622537
303926
734391
171524
842865
60398
275552
322121
474930
762307
378099
421551
522714
422485
603624
522341
76238
918836
974145
243137
969415
499442
431151
65529
164984
980821
254718
865
333421
803665
597234
678969
355195
96184
156123
564420
326172
274972
555534
940298
571196
809008
279766
861136
260241
569481
631681
773001
137018
56976
619815
469936
624114
729562
538135
141657
493271
513605
898852
28175
64359
504279
878458
4305
853221
669607
141205
736450
495566
791788
672164
951656
102571
85421
62511
73989
988823
217345
872026
437071
917939
225246
743065
582964
376815
106961
968626
420324
519530
14552
997648
945982
736026
813845
632144
385457
254695
737558
229435
268484
297935
775278
635038
203748
396428
788088
528273
718171
98392
509904
563769
449389
156178
726544
836374
312253
906232
674800
142406
306599
501300
406817
745078
849463
944230
111454
973148
477271
537598
204914
226689
172637
108001
754750
96531
229114
389961
34687
582042
662334
736928
599831
896675
153234
307863
915547
606635
761763
715076
523762
907749
520911
615133
204679
671115
184888
285382
333277
529107
831318
290960
894642
343203
983793
780698
961894
632613
897165
154385
72320
815629
991958
505449
454976
463580
725600
778877
120376
297975
370717
247202
96770
768503
841510
170574
517862
277680
922463
757380
742923
622545
737197
247559
517611
56427
683232
106719
226862
258110
428290
995365
191106
893091
561649
550046
138014
767734
18908
211477
129998
260516
600686
337689
143005
700105
780223
673587
818726
740892
157789
784768
119448
572816
737810
892332
238942
985248
597688
710347
581386
645053
330770
352090
941079
335274
976317
219562
751781
909661
157405
686812
240801
517620
523675
514755
858421
271381
562062
790746
314400
921467
638119
189112
964231
764181
272914
281992
883975
109006
884027
563629
55305
93191
79939
27623
672405
895914
161342
537822
339658
154649
308508
395514
657393
863443
818527
131078
233354
576814
18612
318978
44425
26872
10240
15007
607697
355292
578310
314229
231655
533890
266137
904419
293613
858846
295280
201867
110640
167367
965394
274850
627261
846722
916593
36235
821162
667893
116020
304094
786812
363806
28754
652539
831008
449344
767140
269905
483431
792900
370999
939365
611909
771822
152197
658581
871155
708167
548601
118225
986969
75352
588153
705136
495745
15138
369057
983675
565398
511960
490472
125832
846185
129331
932317
151410
608279
950714
515387
625921
997601
112049
187954
530320
738413
842244
622349
385172
69052
391834
67280
979500
683089
711863
597971
189740
334502
437140
332420
354815
403015
112407
473464
512535
911564
29672
774081
827198
385310
321079
476788
481655
912442
74763
197859
440571
908137
302287
301508
898277
158521
459871
291014
671520
859095
237063
848219
496676
924050
422698
82043
335010
287293
765163
971404
862933
604680
936258
674891
349168
391567
216300
175831
584653
445413
872706
396645
198488
522363
767371
61006
543545
248943
180156
960025
871962
348739
473332
167780
325280
660783
504141
463080
806748
173317
333943
880513
691526
91080
437055
642002
287391
900474
515525
533570
828761
69872
401718
901772
194832
625015
617729
724599
547111
911822
824965
980090
564109
484544
215221
509693
918161
959292
812717
82778
8280
537448
330848
395986
961703
919021
812245
808544
913244
473906
441462
674318
151274
579538
760243
417566
481775
530816
195980
149503
203653
815755
415345
147333
414116
291611
977743
962490
162019
75158
971748
297354
637868
428046
387371
522861
236350
445494
754903
366006
554283
838391
971825
701859
31848
95342
968252
740448
9053
189276
417038
199012
714774
728504
292779
769607
167083
452535
841239
740049
136826
466131
602969
684451
763804
941342
808271
44359
208910
6308
791879
885729
292951
276299
219482
609069
243682
170757
266507
256487
628404
771440
863520
121369
891699
302444
217303
450440
697053
396092
93637
84979
116177
955128
472122
755722
839739
227436
787899
98602
908254
852873
496116
178518
446819
496022
347637
482672
215558
617775
426066
223244
279362
66355
352393
450130
94857
202439
312344
211918
276945
53431
956636
991936
919000
3930
378167
189234
31508
127082
379214
298482
440217
85969
484271
876458
416256
506451
462908
18368
631779
602483
138949
48957
213662
470544
507483
178343
435156
843838
673275
8022
157697
499640
185579
480711
868829
18457
375627
58768
985517
478124
265908
156048
892318
468437
579125
56714
291482
595269
424487
899786
343037
925839
483339
900114
221354
493815
597736
124294
88135
541924
127575
953446
343216
172282
896151
570368
143434
792963
903310
190813
365654
827661
202890
608805
488921
229638
486662
833702
560795
443153
303656
573024
996507
350026
139502
498818
16783
510258
935474
5560
585109
483894
878835
92893
842867
51991
925508
133862
55340
586030
84815
515841
144125
659862
796964
584773
654957
195198
51592
297824
645835
300665
881135
435748
260677
6829
63341
529074
129161
948749
110978
522948
196986
76314
417274
150832
965351
195479
782158
960143
913394
391417
83978
648547
506772
946139
192370
838739
617345
156485
421414
449156
219810
953590
804642
863381
212849
734364
366734
476938
391
567050
643492
511805
887826
664058
830635
693783
760367
518721
239519
496962
607509
168449
264572
850122
17334
612181
204930
877053
65032
400191
304518
866154
595735
378615
766365
147563
228657
488099
261499
283439
269835
813685
756429
323869
53291
439537
302278
319538
725643
370457
679171
572476
65279
38656
879866
921758
96831
116177
585886
428372
949475
159307
933236
780693
110777
587065
492797
255236
853437
223327
484819
666979
806955
701753
567059
151621
816395
27892
488929
291868
629289
779083
113533
866321
842589
594239
300252
383405
898074
795575
710421
585434
813584
396994
301862
111246
503886
779157
974491
255131
208451
251580
537341
575591
637151
745139
443265
843045
812557
258814
280894
527657
892994
290365
527499
29991
688727
993373
506488
781220
495100
440104
352466
336416
941279
644387
942182
949772
935955
18073
138986
681603
35893
765387
787760
511680
128154
451429
668134
551821
446538
489078
703297
634130
920813
776645
792578
333202
42759
794305
508824
586370
777921
591942
833905
539515
178995
934694
818560
861977
841546
100963
205955
655899
827343
43067
479111
343663
168711
286892
410870
985484
861401
597442
353033
319213
635849
667334
216516
465952
824503
30920
544687
692517
715044
617988
81764
116323
292143
165179
8288
673666
410614
426330
837624
784550
907923
435138
664105
503971
78555
783644
767830
613522
89189
973934
65417
23542
516732
740983
749301
989622
340907
234936
612328
321122
812583
271056
114819
94149
639942
577527
81669
796536
227473
997868
84158
923567
192875
781128
505297
592177
882794
36721
67165
902986
579313
792252
857856
720743
726513
205518
167171
116751
208733
502460
413037
172187
810009
396447
748887
610505
133957
232813
431163
570871
794366
964698
244665
582120
277485
338364
685803
490373
836623
611441
886358
764492
76314
842832
584326
586703
150363
470445
466585
561224
108047
55532
495471
753184
11079
508365
725781
595944
368385
541116
95024
359947
482144
155928
462249
913539
289471
32034
210965
302479
617416
399537
479056
795071
488699
993634
954357
153724
810162
734757
581511
545621
62022
132510
892773
737839
873301
220348
939460
400414
566175
456296
369257
31487
628039
894411
241823
871627
103924
729237
216368
321278
698046
602188
239085
485483
131339
240325
796487
758250
855461
797318
181
7372
632164
953957
417939
726238
905469
361921
739206
800897
676391
637633
222297
376268
326001
942516
509745
478091
446344
159159
283706
382955
841453
5814
697956
908108
889450
516162
88439
319561
169923
790607
725952
464950
699182
527691
430045
823282
909281
612892
73392
171804
57623
694337
636734
638172
63105
86676
474727
647322
721614
243671
838005
943016
862457
341631
171440
666429
293876
386062
928452
609831
147598
397326
111768
606227
787384
711133
537405
114880
233160
882107
81140
828398
87939
78412
258517
969253
592074
529221
762983
719976
740134
984581
465253
739309
164496
622030
825903
882782
42099
208474
956803
894092
568493
264811
895382
141837
363990
213557
782122
490370
137302
858127
509164
784368
548968
208712
195469
384055
905275
429845
377596
806740
859346
228152
48007
124658
34826
771249
494941
242678
364358
914618
325107
296714
326137
889772
614176
767926
660437
985401
698296
203365
9478
253204
848058
109646
354786
768168
371086
513411
581275
127083
653850
286891
676465
687573
123523
324757
974992
888891
100948
725476
673433
629478
460392
42428
175509
328247
601660
419607
493274
501596
642023
941297
781588
653801
688969
438371
685158
241039
675814
147842
299930
121994
87981
235221
349939
741874
462442
246162
941509
463252
869263
715015
963582
963219
188384
159457
464791
136445
61753
171439
684962
244486
633811
613905
304229
882364
594894
854770
686791
754169
849752
919017
445183
549791
867014
288839
232599
116003
504662
737164
891382
492178
94273
818123
506725
869739
230791
312220
78158
443501
945538
602720
749140
160536
382920
702984
638875
431401
354179
424045
601712
944937
919269
205756
837238
13410
996075
802977
463695
290164
562673
35938
173528
190206
690950
693034
987160
105927
706668
745186
524651
76425
430097
824675
113395
102153
872248
615339
134321
749871
384980
772708
23943
457863
709878
100154
418896
940560
160089
72975
776919
802930
288531
486023
811896
398471
685778
955033
171803
413222
842512
51208
986116
833982
2250
358679
778004
399222
274582
763393
920443
381103
942884
307531
586241
880639
324296
323170
315466
491166
320980
192160
405329
411089
700463
598535
648286
67979
374666
373824
408047
970831
168083
999491
923944
940190
348391
230547
616373
353909
827774
300203
96409
221789
540377
685778
711833
459084
430955
302995
761118
349953
347086
20398
225625
970558
203525
42578
631174
516667
221979
258113
534080
398475
486355
538651
791623
50688
399852
552616
282717
316428
517255
544932
366804
767122
286368
511815
456867
563667
1651
335462
51254
980587
587439
375972
195278
452
457526
865225
881008
855509
193638
375825
350889
897111
352987
31184
879489
821902
484221
415597
959973
900960
916965
603691
760386
893950
839171
800201
809342
457593
676196
813732
497066
798966
124184
76556
618427
594346
503165
554754
360411
380236
549869
438059
282258
230503
596010
965153
262956
856111
813528
817039
444838
654235
851344
669801
43810
163158
434865
862609
472480
343281
586114
250745
186340
133506
94109
713085
907928
961372
834081
611152
26296
108709
481412
263179
80439
912585
240326
210979
868749
516323
788258
215590
814732
947301
160826
514525
705421
216794
485056
943592
8326
703596
917024
80318
334108
434293
771238
940804
980902
208858
610786
165393
105587
207650
994002
325247
492647
790205
949876
711409
615996
539550
778349
471584
446295
206556
767051
671331
614119
513558
931240
379298
921942
7986
963261
661861
138337
555702
713670
355789
834194
636446
738878
319361
93645
40155
28565
211336
265810
977780
600501
848987
348064
230058
558937
424886
823821
451417
332704
167014
864883
803774
457804
413825
374486
822556
572664
800920
239078
428312
713146
753849
138808
36360
381752
345726
590728
745124
729409
667041
370793
753547
587488
771712
705290
98004
621864
462016
794607
929409
452448
901489
15274
673540
553812
10880
446371
768797
571070
883248
990413
265117
486831
524035
130097
753159
634669
51746
6449
830331
115346
711115
353618
650367
729555
311370
218071
49099
180626
238938
26595
730798
460283
915223
107884
764354
263051
773697
136317
999439
491823
243405
467617
414759
911690
994826
879392
784673
253181
24305
596734
938842
592766
669255
122561
103352
243846
856962
321884
991899
579046
585805
826494
748539
455503
38078
373110
288129
541258
584656
70674
644262
921393
321930
83078
427898
856378
947687
615522
56295
512234
614747
351154
197250
189456
585949
344383
994828
473688
744413
106329
595665
692795
390593
685861
987834
538688
243398
614446
354770
483414
201554
553609
234952
969896
170642
763644
719282
866628
726777
617502
783041
952023
548203
27361
875897
919335
626545
456575
857460
514029
808333
113213
203989
851268
916019
484313
241887
311045
823078
992453
494035
565577
200197
925884
730926
586942
367417
625329
730679
858630
701873
512541
988848
207360
912116
996090
271129
60689
236450
390075
148546
791315
33619
838901
27997
484254
569343
579500
947386
165140
375456
979485
332212
427719
460782
150200
901930
740342
511604
446375
148966
512245
395734
32626
910990
673279
167252
579149
330648
990144
574634
401342
322207
128407
341657
177919
653378
619026
740606
26370
994547
379298
657350
638207
540550
316079
727944
551724
993015
700324
632716
365705
937714
687771
642018
286352
364330
761800
449279
118919
984211
81847
329889
788646
866116
315606
227588
495509
481346
493619
698208
489760
377439
159083
862884
649794
323631
948904
848026
737728
328066
677844
535531
378258
774334
800740
132021
995020
451307
70838
255272
453300
808601
236239
915277
765289
560426
89102
208423
553168
929609
695542
779666
379374
777862
833736
875321
673177
970997
674483
750947
405394
929150
292338
761971
335899
236505
226229
523439
211000
11195
243113
895390
208379
425485
105632
868478
35742
710939
772887
745531
464191
157557
794883
745912
380131
34589
823691
366422
317628
193060
147113
674296
904356
867238
634452
162120
104346
580043
468451
315323
969301
520721
133308
542195
401491
272366
485979
189805
890744
619656
446506
657276
469689
579749
109639
489921
657707
334091
943195
441787
441599
779006
441353
211942
953078
936076
752628
830699
140052
87222
730290
679129
226215
344362
709148
992729
408452
932056
842587
361270
259773
330511
250903
949950
828864
610065
962388
272967
530235
471191
822182
187583
52316
658772
482662
138178
714792
52793
876484
331791
398955
454602
276055
719903
994546
140291
970729
317270
695891
348902
641211
759811
349306
721608
321818
524821
911044
849332
954466
789100
8528
310827
140452
412407
505928
276458
216099
34176
809748
878466
181820
377601
919993
967441
244523
189666
737721
650779
900636
628618
983803
62636
244562
77086
391263
795030
951251
796799
354156
760951
270191
74782
785853
90814
806552
947300
475915
802910
822270
864822
714396
452741
120916
429923
65714
577624
899499
701594
982574
147631
401274
395482
552982
410441
694597
194908
513195
117567
620260
846665
63997
145016
174556
360019
799070
965769
489352
907064
867742
455308
157
427820
774871
565498
426307
811742
282639
938604
613814
339754
859606
307022
512413
659763
986671
215404
580875
770474
703819
349256
583205
105945
354869
167770
178278
664437
53635
135684
388421
519017
647373
378690
975322
669465
567772
557688
480478
912351
210242
216241
68164
75104
290032
663363
385995
777149
906335
183148
420063
166488
94058
693393
640789
668158
812510
970778
151263
236676
932205
955390
460054
873031
287888
362592
624978
146549
883681
531542
960291
336045
437209
370583
333031
142032
238005
765959
395659
248234
302405
50674
27376
897800
772940
35167
56998
753907
468541
585634
205734
617004
507756
934094
171815
81767
188905
399501
147369
650786
914088
796531
978111
976588
598240
594295
200016
606955
828131
47744
624351
914822
11285
233892
8769
176746
867736
784419
703925
468692
854356
679550
367930
831539
201928
163128
688838
112709
579877
720234
410620
587869
728677
816985
75678
31733
545879
487272
335487
482072
230629
733470
398598
556820
817964
296765
191178
418515
42246
609996
124032
317411
941172
93550
563010
680519
36660
747597
201592
502726
150679
511297
766055
918294
595885
202939
938841
812443
657974
353422
478117
823037
353120
678160
928603
910698
638618
756320
439201
742608
212552
332384
36793
927961
296760
391994
319822
834090
86891
683419
485856
797757
94602
228923
721023
327958
527911
119543
873981
403402
281175
350411
827440
942838
378491
896868
302857
240906
677505
798366
730066
464675
277497
752692
749712
429138
280641
641462
531405
603341
265165
495078
339408
312388
505736
405420
502576
532368
15822
950065
981633
160736
967576
674066
541367
234276
920033
978414
160306
893264
465146
174107
342562
902561
211759
511099
512289
787052
128328
914475
131517
524450
23072
630194
102052
599730
788373
43262
264054
511561
623286
707351
106995
307533
471523
670431
119354
855319
10292
922435
733587
654981
669845
111248
559068
477633
944579
75889
346943
249600
587285
673302
717885
987353
720671
689298
345189
554113
333777
919663
853711
827386
129080
178712
562689
366469
860302
89190
646363
381467
926200
955736
561838
306451
112986
192402
884855
170780
396367
184709
37126
319748
256188
964385
489453
155247
111774
164887
853342
577142
745800
991498
429684
737674
482561
954271
256051
104322
759430
73553
11070
333866
152755
934909
356746
769866
433580
114816
184130
588613
998626
567857
892184
686923
467734
336461
628439
434845
959722
509240
35370
331638
389511
342476
739516
997578
715582
240139
894489
970651
903797
393551
577635
310271
18069
616214
878583
119182
195261
932818
188403
167150
564925
388785
427259
241412
529373
476640
477058
449885
152279
173612
797642
283963
817923
600062
283463
2280
546482
978492
914846
883791
537648
536270
468564
913578
518767
945551
554826
594220
186557
667098
110980
111020
830030
609784
729091
421099
349790
527326
512551
700049
575525
925909
166380
438973
974253
944261
721378
153805
420496
874942
205783
716886
228800
627471
381224
343722
441382
515071
795142
405633
505582
101000
898526
748763
402004
957606
874861
236030
550509
134630
113975
851270
404418
839575
135993
959593
184819
400411
253521
118727
707924
172855
685262
165272
338517
839265
860728
282743
943354
912825
185029
889554
877575
245529
780123
682132
236110
46632
589199
477923
127651
476524
397517
304828
234730
188951
88089
90141
545685
18749
430027
320564
456420
832438
624987
449950
196364
145192
202070
623366
514420
693542
314356
963749
908223
111854
220704
182085
329419
964501
316193
798568
128742
875556
364260
917669
765130
72024
364849
658606
592383
157720
113893
214323
761332
890201
372418
511513
65943
892122
497005
569315
15048
695967
593972
821848
851456
533089
635056
499639
697116
597193
176295
6872
289480
887795
738447
810853
235544
709267
1467
501408
968987
386536
304031
195689
874743
813650
864830
923406
179145
841570
467019
345473
780863
41735
721354
420686
325892
533811
878373
4479
133100
351359
200103
115848
661700
947095
967440
867930
454325
154160
781419
156142
993005
949014
599458
183744
620066
208999
990044
339112
671221
248592
38599
558821
344951
849588
7563
511904
280625
714159
235717
411927
183060
450078
637172
576879
954271
919669
800432
205830
178721
432086
647157
715805
973306
105422
835241
539366
175083
285458
78341
978807
232766
192440
910853
601013
481873
990372
458443
367390
987719
403820
599223
609794
179452
606357
510387
782002
582566
312848
111657
241503
588930
126200
131013
340547
716687
172001
776110
636089
333380
718207
883638
188071
263960
229668
256684
402799
27197
386024
789388
930397
229306
999904
879891
70810
312971
492936
498203
859954
540202
183675
360717
791506
719076
448213
799838
976650
241160
688511
788154
84152
846083
163556
79070
190815
556191
228050
492281
387187
91190
646501
520675
213117
834235
743793
56824
858295
596768
355725
581508
866540
709805
503879
481887
828356
191949
300204
804311
198680
678760
846960
53082
277878
778802
136339
856950
31848
181752
761927
589666
768374
301458
445294
941029
824100
979264
789805
159447
906660
385994
526963
333509
461377
607774
11034
909228
843813
711350
988109
998142
299691
148008
436781
344284
486789
33944
999093
45234
306800
217254
520504
216166
44640
39215
854594
405803
482854
668280
54931
918570
431485
626095
540760
231064
656879
988792
70443
623229
746715
678869
448295
189626
327147
926511
554162
343084
782623
797820
831922
126538
122237
953656
807524
686734
375202
378592
110021
492476
164772
853549
121709
140742
141513
804040
11299
87276
445738
893766
490520
54570
901453
729943
162231
804016
657618
813379
29378
15668
51383
844002
267128
408668
410954
774321
802781
403452
364334
905246
41301
439612
378251
610703
145417
749481
67389
450838
322767
504153
693190
752498
906281
58279
175364
232931
619072
838400
786869
146660
329458
622136
138557
692119
169813
544863
173513
49240
142613
917278
515325
665931
453843
873778
333719
325312
59539
517503
32587
353733
320942
880527
196005
946217
501582
844122
249626
977402
7391
459506
451299
17193
86520
557711
5850
65204
71273
389223
239910
359323
823895
920202
417902
716139
351761
126970
254059
466236
311011
929057
486788
788111
150036
873918
414304
272179
184598
434812
727312
558865
922763
450552
769191
363476
988885
963687
54521
436703
3764
455923
171999
920099
828501
804677
611950
740573
938652
371463
870158
960034
775223
531026
446762
118558
32380
373837
34931
557306
380056
976066
754832
764938
526846
850539
555283
996078
110449
23584
280759
775937
879079
455806
239012
650540
680016
85909
153645
563308
287492
792453
726772
455342
581559
555909
214190
205080
681251
924455
202074
793
503866
12393
763258
353052
303979
844405
930450
291515
159101
972565
399573
545834
169130
391031
313409
964359
26170
672705
415013
686145
183392
847682
747328
74537
391498
410767
250568
417324
701047
242982
677279
845978
523877
980567
518011
760161
349251
786711
598502
757843
369133
833862
30457
936388
228694
163329
25151
345728
714548
969188
781549
485397
645123
537275
496395
934665
865906
742585
597506
748970
114304
455937
265652
723254
779538
872217
349423
87005
371374
660056
414586
942577
218216
994619
552490
728847
749130
909230
17814
278307
654990
44205
989592
801474
663564
623942
833938
834713
178926
717067
465724
888428
199024
84064
191804
650650
105082
663156
207965
465925
158931
876338
31035
377995
484026
943366
942368
750746
385866
864086
680860
731442
217876
602610
141652
370335
665799
641070
801146
763288
839681
562926
228799
772367
515984
854738
41855
798129
195113
19851
104616
549383
99030
888065
115696
913484
237249
186458
604686
62911
553907
204296
5838
866403
269638
671451
715116
236619
858148
531624
668371
9446
246288
159678
756896
702571
800386
913305
553890
79967
271280
156229
421324
294460
869776
185507
864970
510087
843899
356312
292668
892831
458634
719122
741101
731401
257004
482232
431669
751033
284859
969530
415087
162636
696976
470393
920039
642367
25186
860868
179018
397145
124756
236199
204931
700027
31987
37129
363755
219103
764706
90445
230407
905712
740166
959263
745710
655695
603082
538296
470665
708864
817730
938338
755950
839322
99558
447432
826207
913813
805118
716220
159827
883763
669580
356702
920161
892595
630290
56286
787620
831219
245533
648028
171844
737801
897387
169062
769850
749026
770271
661137
934075
143436
673483
465600
241428
325211
178484
39584
60756
426473
290962
140237
249440
327075
725511
62666
698301
71099
827095
152217
930978
286253
783599
253616
338342
643628
581582
589683
318102
891835
828460
874750
111581
739609
286744
242316
916246
178900
297305
959497
328061
325142
449026
513646
680242
581320
566593
217990
607317
505043
900682
675085
333770
284827
976430
816991
535026
448009
259805
182739
942801
129905
345910
787861
555128
757987
190116
993805
631677
762433
519181
369220
864680
55150
404478
329144
876047
640058
281407
614898
188247
575892
123855
678896
714359
845811
821431
63647
554571
962606
8921
176093
377024
385436
358631
366654
455059
464953
634185
518893
107121
596424
863314
885498
242999
413210
310417
403362
133569
707600
257947
350435
890613
535795
961025
785010
872281
968966
100879
978922
525702
938561
561932
66314
277109
963257
542956
282833
885622
346832
431475
748445
999157
848517
299997
411352
653002
110419
954041
14931
172453
71586
240740
863381
858473
437594
550545
356203
56485
34015
206008
279955
861493
129656
74974
136544
784872
776169
427378
472271
703193
339518
18053
870705
53936
656077
76873
191576
683974
480229
432726
262093
536976
934309
253331
874918
175119
180632
582022
966618
377942
805943
850023
786083
194611
494082
628122
632362
26765
157504
408111
950836
172524
701562
423450
637451
59584
546424
973569
234664
11034
433281
422405
960403
375680
629868
611676
285747
865661
521212
141998
52226
229269
956713
646293
834711
787491
684071
330190
177273
212829
261544
486563
208220
658704
519988
68650
165016
101888
15742
421558
770864
91524
832861
624770
935450
449154
528976
164618
831341
387396
578505
967341
588219
403760
466770
403180
949043
479912
402586
593619
768289
993173
777837
326241
519275
248659
460962
627745
136130
923220
395076
62298
214248
849277
453265
867731
990308
811598
296833
628598
318965
663062
138282
488963
538253
234028
233615
167723
626454
317572
95676
801584
232843
246009
297342
880858
657093
747065
579851
915651
60377
913432
140191
645400
919800
896395
67946
851491
385490
938783
772972
289247
193851
253964
376031
484220
821386
661820
50761
785535
251835
9188
652089
407280
805782
406972
110680
645450
104253
494034
577500
329827
551238
515096
277494
624395
214173
942713
280133
283529
401374
92288
745112
904876
109442
923386
605694
679752
379669
217548
700645
278197
551172
813967
585810
946224
760323
66071
862149
474565
723622
801886
172904
352689
286440
329642
566606
557472
960850
75758
525165
54280
663140
666480
702091
231088
356357
952024
465397
327094
380071
862602
972994
538322
667359
436045
514429
334670
78008
821920
804039
812525
86739
291799
77777
188986
647998
835482
437164
302984
292147
603694
991462
237643
742934
959968
93635
369250
290739
360301
651849
288453
95667
828697
583585
683812
553866
944662
790249
558826
483524
627378
602523
139931
956015
902518
470156
367137
325789
397455
507799
941471
406138
811790
24282
565339
36491
813434
4626
218301
252111
142592
43328
881419
883245
900965
35792
352154
281866
274142
584594
654547
865465
305740
244131
426378
767281
566335
764739
169538
972801
872022
810503
871677
858082
192845
19540
864385
69487
824735
27459
603674
190812
783958
111512
424436
736311
931730
831036
60661
727549
239658
961138
784365
41130
750421
237525
465350
25974
233156
371156
917272
236563
545640
712095
153988
593547
193543
801260
45052
439731
948944
626213
961309
495916
339633
917791
749076
779771
755656
368582
908
338893
27945
570521
101122
228123
469993
222275
200163
586393
471590
43159
955454
791745
363396
276954
14083
513965
857554
28678
909556
491118
933183
378670
646743
325303
273658
803531
209229
408324
452857
283512
194112
575797
839389
6166
205861
205203
70560
911582
64643
459653
213701
72898
746084
758013
882457
663673
413595
441300
131762
429265
990321
