460863
392369
610778
332231
727695
380236
716195
315114
847527
394735
633424
815377
947091
561827
734358
181917
591150
98858
701941
405729
103786
39369
685637
450372
955049
21617
465718
90716
842176
772560
703931
939703
545930
899903
125528
990100
779271
261239
718880
834284
500058
747121
6876
233394
605629
953949
189391
918796
18954
197605
609116
553429
188652
816726
684185
766645
16576
647363
936206
485424
573434
976505
190396
316370
320359
70077
353151
442233
679302
582080
525983
343586
11888
523180
30626
305928
672482
47208
762580
571285
128638
940944
963177
103425
664319
397743
49805
44125
839434
939838
819612
936021
642124
470239
84715
619451
796076
618986
332909
189881
233462
906567
963355
52814
596767
729560
251605
635549
431624
273402
121524
101955
991689
717273
391107
500659
785416
927209
631802
14787
233404
736571
708656
413431
906271
913701
187230
596064
409872
412070
118621
583383
240262
678500
826769
297687
598475
491372
82953
532485
745972
313266
40854
209398
159388
866147
575002
149979
142295
33843
520251
550784
754152
31077
518267
532742
177413
756551
81039
157667
17892
123996
115642
727982
468309
944317
246207
313190
713596
291228
24387
824706
69394
11969
970171
948674
324634
11732
421272
265597
767075
507051
30535
736328
543963
36868
292199
530650
401806
493975
83653
290916
791136
97825
586078
918935
879921
666386
135018
684729
537308
198302
168450
688444
306848
272652
123638
405514
229940
464436
552666
833544
245327
802498
215829
875453
349248
813674
101513
112538
852861
35513
874650
89711
435615
581050
24101
77118
904527
916275
100645
708554
690228
680398
642
661696
462647
593757
589383
143219
64674
739337
216558
77321
493992
180181
665302
99576
512281
737193
216765
375750
659242
551439
558935
690506
610629
793346
45285
400783
202855
876087
228373
538831
218840
276524
287167
478840
909434
838314
117622
442124
231516
667733
659588
688244
914607
845893
583922
114196
961613
34762
306407
7482
474659
792800
488897
980616
113378
463608
338791
841319
361993
173136
264445
505018
929226
753026
432225
811418
934960
404667
179435
237198
433726
606975
552565
651260
787209
585949
552352
382341
474572
110519
698578
437977
203982
333878
116177
19264
958288
319229
980816
329818
9993
109889
814295
384315
484623
322035
696430
273589
141241
525094
648536
514462
609352
850652
238740
637422
410693
19867
15583
494757
897072
78238
269333
955508
291873
625531
368627
136439
454931
960618
813054
356605
934521
754741
654393
355623
831115
276108
574890
353533
538928
381075
308903
343209
318121
358058
216295
703333
607993
430862
374942
226949
606272
942362
174213
17817
23921
663304
945676
795306
378236
958101
263065
681191
265317
13662
490247
306373
138089
334325
922537
325851
767702
902704
696636
755609
170594
135620
360027
270025
55041
390810
613750
261697
480625
314101
263000
98485
298696
204603
284861
752752
972701
989466
640037
326146
315534
774641
411037
400591
300137
3232
599906
639788
788986
160018
566549
851691
918275
940378
494562
357816
746817
571174
753997
767579
363015
343443
313600
417682
821231
887847
794622
44253
841828
528878
766915
556431
91033
868138
770554
816134
161192
830318
972641
848332
524304
675967
295124
378414
450125
173319
408806
314463
939846
537083
214675
913403
118467
470023
994010
798229
404846
488536
264528
964054
873361
162428
796655
243486
405663
45988
278903
755105
551499
59839
768430
852617
673598
590958
654453
94328
909099
803789
745489
79074
218091
401336
111306
863351
803692
385068
181883
189793
796779
333222
157204
514210
903996
704669
603687
329825
54499
511071
12415
294847
401015
321722
941294
554255
336773
739130
9577
3051
893513
554903
935612
624401
63561
766714
648804
816700
941433
963827
114643
355722
37796
663917
192514
505803
130886
221570
908053
804429
243651
55267
976465
239584
999737
122746
802060
498400
903008
479054
58977
471277
295955
199145
473921
300356
934782
596151
805414
236036
547184
839936
536828
820357
942615
210018
10307
717305
865827
261981
249995
270427
742850
168756
312902
804888
319682
482167
245572
945799
544534
996125
344990
767709
606020
540730
237477
546460
632261
398623
49668
653828
252263
893338
407266
463063
945697
725734
462868
349603
961848
303187
893252
298500
313208
785456
818722
901037
469919
368067
206571
286103
139594
682640
316717
431445
837464
312971
91445
721230
646182
907297
877258
288422
388882
418146
253785
938483
252473
472950
831425
100527
399052
936645
885210
449450
678971
512180
240285
590477
526994
947693
323752
924314
395744
149577
994869
389005
953001
249861
725921
909893
354848
603984
68554
946691
679230
680237
765749
797734
947689
603071
237449
551819
663676
260960
626619
179601
769263
377252
41639
911768
391896
145255
590554
675418
508176
715028
987155
977449
46713
159736
349085
915883
498670
15142
132594
520103
270198
560181
703136
709834
916603
398909
168372
428181
339688
543880
479269
993043
253058
922256
523679
897390
93328
986721
952807
528094
841180
375809
535523
223933
642313
277253
936488
679810
134773
741977
509497
458629
173277
222138
618018
87379
59545
526324
683605
929714
269289
422724
934293
45157
421799
230076
202556
685778
360735
133149
699945
123566
466676
419357
989442
781487
293889
795892
86026
421679
229739
491374
684700
490828
712167
320243
565507
863216
337689
536280
89
102113
954418
688817
407733
7046
142457
705161
863014
9115
979553
488224
962289
985494
763267
66050
862405
120448
260215
633991
546661
895155
855758
397062
356610
923573
727476
220986
489142
413968
881774
765214
771247
694727
391710
544861
876936
39024
2486
537250
543750
494155
549267
603666
18254
303104
128440
922005
686227
144542
408652
2970
904990
91396
704634
600247
382278
94388
776792
582139
972553
479547
119992
745623
605748
910332
611870
316810
378966
746017
860961
873417
381082
889232
662988
378447
417319
445184
784127
153162
225479
747090
323565
994017
155578
401269
319581
77393
516730
329050
951320
825786
115771
821716
352972
754949
70158
424153
320859
191350
858084
458791
416214
202074
981816
278494
113779
788353
981975
833014
431368
883184
567901
495223
595224
667522
857039
511311
565227
897842
29604
309849
140973
725376
623186
326151
237760
51723
305518
579728
841461
335790
784190
123769
518406
637854
820096
71365
806854
49265
710787
727034
884423
405096
300962
666361
845333
234789
618288
210904
320222
963653
57312
706507
832558
443855
974236
953383
238454
842176
232358
24292
912530
757260
98601
314929
147065
438435
58840
791224
378609
73368
697344
779921
906423
122202
449730
477220
736232
950229
231914
816370
538430
113409
155815
485634
49047
571013
581891
173729
355000
834081
707856
516879
847205
478461
895952
797135
778065
238409
577132
839131
863013
907367
704816
622975
566468
307981
272003
893315
62631
669711
468501
890367
550489
18487
475031
414407
407233
760899
356652
229297
585994
357307
105433
841545
301254
891141
727350
436148
745439
478544
990395
139146
230456
769027
185759
386335
237988
44898
750075
860116
193273
979781
955633
353615
227298
415125
494557
920411
107478
899715
961286
323415
254439
955739
838061
222708
791989
333519
556769
485618
502090
251755
5034
657881
358833
890042
197834
738186
264583
44954
343368
244666
311867
391473
761462
886228
693817
235601
558570
559722
518517
287271
840362
51943
284643
135561
832601
810651
109512
396559
232402
859219
265197
599443
78709
706503
653955
964387
490829
257455
525353
229668
733063
865214
669175
21995
884022
807261
599677
332288
765338
246671
744930
294120
666427
7931
567014
248636
279317
226931
200945
801776
856373
984633
779891
351795
434547
601361
10548
876998
143561
773487
816593
719461
529370
752623
47195
409153
584823
816878
432406
951115
240998
206733
58767
343215
588540
473847
716789
68628
913846
333707
896933
747697
323472
297002
229544
535639
700880
901658
406577
99928
160447
508432
957691
368884
874700
892816
58603
326482
444867
263092
367480
832832
547890
353859
690632
821400
77424
676551
611210
401202
516817
634885
846253
893803
396573
847557
226650
280722
466333
630438
671649
2568
347458
440449
158366
765955
114569
937494
483069
22816
488304
557764
725955
54288
944461
296162
440759
306698
390563
267892
196511
410474
373182
784302
370664
545078
39688
171376
243603
791319
226504
536464
966155
595034
146814
836468
69026
444544
953851
572178
525760
757440
231626
35779
849570
996352
498632
129493
884555
580964
717263
693795
514289
650919
450255
941827
838803
868584
339756
238602
290188
420385
86672
48363
819943
585854
216921
100678
500147
129316
167941
765274
953716
671437
281091
999603
373591
317315
952081
907823
613202
646799
293735
115819
272396
45459
37138
221093
738318
252561
422472
114278
292634
433610
282487
43448
492542
54195
22083
228391
98982
321521
950337
938272
921577
766556
931023
868673
437374
828037
573663
657452
649302
996908
931984
631959
95423
469753
681159
852693
28362
181956
315510
256764
859365
677959
891051
489445
321323
569708
881947
980925
595758
41999
572955
334199
668594
640194
371875
704891
501189
414854
288390
317318
367521
713373
195582
680483
517670
59367
295843
839327
183902
150278
954962
40866
348296
608052
418398
626839
542963
962844
205589
422295
588677
15902
772541
116348
155759
993688
280725
276565
30349
453018
881830
550878
988052
838660
958372
179097
932253
825081
630006
415454
708630
447808
471817
667615
32468
671943
962899
495139
243676
795170
787409
579810
14310
681339
549363
949507
948153
342481
944607
636859
606678
618330
897761
673191
33550
849865
176078
930793
777394
463065
308207
826653
94072
269478
339360
324591
262242
358703
751808
369697
970131
274208
582613
809564
176406
142262
729321
197604
216796
808232
956683
462796
403236
129919
165994
300500
658133
454428
123207
709253
969227
227672
156739
225430
777625
915978
334585
59366
217248
300278
9587
833152
120346
65900
245329
401397
445886
683028
82838
344114
718035
315
872750
681972
109581
323127
179248
566722
719671
481166
477478
669794
360064
945464
384757
789282
259123
75428
974318
21358
694325
245736
40249
365889
838956
628108
120167
713473
644781
942899
971300
644446
50113
635368
588095
964069
159902
918665
169606
798897
800293
275302
833857
731143
470935
654483
903635
767016
7885
325238
212400
75364
110158
141162
544095
281600
602604
779600
948166
888029
290293
620361
787011
925766
242358
225982
262474
206276
667301
46440
698568
843090
329227
687359
134615
626848
82839
435761
348849
328919
302582
249425
468165
115722
969150
673055
327639
757062
675979
219816
482921
223023
113414
586551
799171
628661
748255
11783
332423
768338
258605
646200
983058
741936
875697
198676
681184
118414
12692
22605
437071
216364
529256
725886
584431
912160
634424
500193
408811
663105
305878
275616
109552
334966
276056
743564
619448
966135
175629
47765
434544
593430
558742
754454
910542
947876
40589
8708
19507
879590
111124
240284
838596
338605
214291
563102
308278
460639
366078
522416
416798
850820
845537
177879
105350
172172
312398
219850
996064
115729
19841
992586
183592
704023
905324
402329
540617
331482
327918
992522
662074
708619
815255
791763
370360
541487
340763
459837
233404
637315
364111
565342
436522
524312
908732
35882
558221
112742
339095
197638
288246
806702
225380
793879
527777
56522
702547
587387
573745
634058
725176
621124
61512
487021
824352
244167
817016
895791
454418
663158
56
542030
372876
607892
889993
514969
910299
530998
915005
201215
352669
865180
793309
250609
277042
77624
473699
841835
615659
86222
400253
750160
90836
577521
851149
345085
519898
624736
164349
268326
659884
562162
355142
99320
576165
513542
436561
646086
496240
148735
480125
633775
62722
862775
170764
219129
961627
82867
41926
626702
415995
503788
804755
485212
336876
77600
274890
251512
211598
501079
962615
294203
448710
586943
494248
617306
636644
574568
956729
238856
903654
336761
472415
530857
493202
966416
309629
202667
152162
589603
932717
350542
740341
570194
653923
140623
479030
74948
890870
729690
390946
377531
627763
186766
386115
650927
307903
939307
556258
337010
23530
362977
38201
953957
296064
248811
798476
18503
686289
803873
388668
46917
555797
585536
710797
430201
944104
320413
242171
469498
49984
144085
990533
803147
161582
978243
130169
299535
975733
304717
711606
542888
112372
541481
395425
896088
750998
243911
985594
259002
331788
626529
371765
263309
262529
558346
600409
19824
761974
45576
36030
870722
854684
112179
449715
407379
551887
538206
439825
511775
555098
549695
470047
845840
362550
66403
453375
611623
839373
370381
373356
795113
887545
728208
900883
589759
952704
488134
781695
875436
516353
592377
588693
50294
89997
197191
215722
591233
928376
598151
841105
843749
91187
172716
41381
457782
239019
496538
120027
647174
442724
703398
442731
221660
467969
958767
778462
694537
211241
663458
760978
817756
943544
259895
407270
451328
687680
574687
708436
539430
210235
144767
765451
486061
606491
281191
218263
782072
917459
809629
80494
125807
589053
565350
585879
894190
869273
987342
484757
693904
645273
641437
307883
582534
23919
93702
276035
595120
956480
779263
797490
380628
781161
886989
863625
118009
920059
439889
13177
749408
26173
318959
616810
453189
264123
179328
5925
993188
961240
48368
943227
194505
273847
375319
760397
605408
76977
124898
28632
666467
322113
781094
188683
819116
261806
279172
543171
623792
46786
182943
527852
552276
367246
109193
21668
892273
661072
116262
636526
592205
282151
952705
560726
714283
214419
721315
134350
764481
718895
425833
494672
398959
767253
985727
672731
142634
458621
693249
947947
802021
275529
770752
511929
578181
222348
762699
269730
79577
153437
390385
326214
975199
72274
877313
108596
844982
962332
705634
512703
428254
466611
570827
329680
512896
558669
624483
76983
952963
553118
193791
728126
901626
761348
411700
753329
388673
780922
411799
790452
702559
703943
221696
176711
509607
11111
687894
101731
694152
684555
958297
351437
775545
327938
905681
524423
229045
362818
202363
450897
295617
186160
414539
863763
932483
628806
422774
361978
908350
810846
912663
259324
298271
375281
276915
897354
967924
288701
669902
794079
538892
161800
886167
400255
551165
97694
712838
760328
845544
760980
723270
637034
963518
293458
758353
525073
153278
229274
514022
936708
680367
740683
860766
363973
655279
570556
357522
893406
729545
993043
678487
971866
933947
541938
327259
340528
965515
984412
656963
234514
532002
214648
126286
861501
650580
571855
165738
737855
859243
373450
274855
174906
34095
53328
562080
660868
772891
936472
933135
60894
982173
366364
931494
660613
751025
46750
211931
94017
84026
549836
52112
293941
270813
12397
334517
187506
239493
691414
36148
228546
561385
936921
644118
336366
754058
762315
339883
799832
538598
536642
168684
779350
31093
290559
331160
257581
117841
778232
883499
58301
196290
243377
849767
167767
148101
314115
31911
731068
974248
481965
133025
487442
179689
380662
742803
831381
69571
997364
929123
442449
342084
24067
473970
10816
467550
204600
475655
431323
710535
568817
424179
629651
278520
939883
207112
500449
419276
983152
329052
901165
242571
140851
447785
856111
564095
32869
164215
512181
140568
983521
52052
947271
388642
743254
283732
523769
956684
783290
107668
570239
263008
596390
740798
386992
862703
636700
457802
15854
324139
380877
212630
563287
176274
968420
614063
892166
455451
622759
866207
28143
4312
70458
660693
479281
239028
839661
222229
151224
278466
416675
590541
908299
832736
125332
507984
855596
241543
496925
247056
539998
381410
460239
769753
735793
737809
387403
294051
537119
710565
458930
924034
433291
815422
230875
791232
379088
560750
921398
151203
54378
349778
163835
212510
656037
594331
127053
79631
305721
870916
434115
517777
228365
70913
822667
851528
680612
182846
647750
908056
717780
545530
88955
98167
18178
151936
569876
882556
505021
719316
676167
566686
613042
65458
709741
64877
295696
111584
403834
762846
571675
547173
697959
495544
177790
429106
42848
905453
412505
80048
548701
644235
986384
663081
775191
699388
68048
741371
276502
282114
810191
930675
486300
126266
953560
330957
693357
670208
266615
487223
474917
621454
954127
171591
835076
453310
463749
736898
306220
106783
995254
994140
612397
888595
332245
737386
731657
606712
458563
3984
771723
181064
108388
415187
249688
323023
92491
24266
335785
141006
740399
215509
329363
398547
372494
574560
543472
495771
948408
135703
310941
620406
767355
612957
143384
512056
406543
332967
873183
719337
596159
118146
260145
347905
951947
736766
835221
508281
447037
688652
281259
284260
101737
495869
83726
486979
481123
895773
208588
947326
981727
863818
89860
337976
602970
959317
134643
744541
369917
897435
663345
578632
434612
299586
902502
928248
717431
924773
615789
279360
230705
159366
318245
99304
441999
766450
416873
900011
13249
565025
617139
530934
59227
849915
688310
671921
4740
166599
77409
342853
711435
511779
40509
811890
896189
979272
466115
626930
464803
761549
297670
673394
787949
938762
593837
463398
699772
50064
321067
206307
323248
734056
4668
457429
504773
797152
31805
926784
813588
283195
23838
909293
164863
681740
790049
294416
744462
143284
413549
85967
51330
412207
461776
586409
658581
967177
232253
158775
437849
299869
698703
381663
306154
874145
613928
685402
845066
351591
209698
331475
95721
737224
18995
63980
147915
533466
551116
473951
903712
715408
23450
312565
586780
956288
882110
151852
900287
845414
46843
922617
940721
686016
228467
6514
210760
116967
167601
642957
513674
1380
883994
126919
756326
990315
747524
928518
640436
642844
134945
35354
866011
976761
102152
876311
524073
686721
859653
197298
816196
576321
596355
829138
523973
553613
423154
214841
666049
325170
778884
872469
481984
198589
671116
670403
697880
978864
562764
110300
474771
333991
355819
142435
456579
396947
422044
977627
87467
634716
753533
471141
427427
814853
712576
580343
777921
626129
441185
403384
49437
461618
261865
103745
832896
445625
147132
14221
839660
173224
205227
404023
94350
603089
842659
640238
309095
323301
46206
687397
397398
444334
345008
879785
411583
362933
656609
3788
624208
897206
799719
175040
798591
837263
233522
953317
746404
854660
725326
727843
620079
409141
438414
751033
430002
869187
652356
740426
220457
588902
382555
548653
815541
82395
288218
902509
531499
128914
419098
519341
228725
247590
112658
895497
522996
47987
244556
415253
584439
91659
425306
40133
259935
123653
368994
519034
249585
683578
39676
53675
915876
85853
588365
812801
166535
204118
66237
403375
215713
90967
339140
570935
74481
902923
298908
96164
466850
843038
117037
786240
925011
599137
385940
723694
631654
695705
964248
806868
360639
656591
513667
19360
743880
403384
752641
631268
134819
619039
454117
278366
41092
990672
93857
144695
241834
803386
969586
137827
83464
316710
636875
853020
575501
368160
157841
310044
95216
482260
368629
452899
463187
241802
949744
640707
831522
5182
712426
152372
142639
978903
482728
885165
196172
947065
966626
180440
434759
849371
543237
442929
456627
190987
474213
5145
412801
944551
125367
948057
366693
860149
475387
887112
32811
185798
877404
771864
382296
287384
273486
16444
945401
336610
393212
80175
319726
427626
201962
244463
363243
506386
854265
609043
705593
549713
790000
17640
375227
371191
701041
937663
539072
69905
276674
994206
478855
774435
83972
72835
775939
784867
307735
274021
49005
301513
195093
299999
500128
25702
962664
940559
567173
305380
616888
740349
912590
752394
165862
90231
119339
897526
418700
959498
460425
573845
748555
753817
106293
110628
728868
75025
540491
342445
92890
320888
157590
278634
925051
664689
909037
929031
227182
525853
236367
350915
81616
235859
314499
887717
505397
930931
123083
737492
746747
591021
92345
941786
747184
674505
538788
966685
230653
923129
888004
123715
162251
236138
177989
737514
87176
170783
971110
283035
648746
988007
978178
674269
907422
711685
825855
555938
428590
250835
449390
152601
142736
173649
46021
513587
453102
839528
822166
958840
695059
308073
415828
35273
969879
401741
677038
529380
806400
595780
405657
528594
200849
942734
19911
254700
32865
552797
355154
173113
428797
720018
819050
144272
349298
45665
436465
386030
72501
936619
971049
685662
8740
987738
15960
239628
534574
474738
518513
109932
566280
532662
669441
170259
688315
499192
981080
805683
638201
587948
275231
91327
877718
288460
729745
58715
86828
827995
94734
640010
979029
50146
50174
372732
815492
921019
705656
807864
712960
916726
711010
490818
129212
773200
8488
812007
468003
326852
250547
873524
162158
382537
649765
947223
914449
282972
593071
816189
777051
604767
460573
996751
538372
655648
413547
133811
964564
776082
87139
748380
796269
868794
878861
465590
541298
333580
129035
133365
442517
999858
131166
598243
981219
142291
46710
59546
440270
587994
981292
203094
665370
965228
675758
335052
224044
354889
989975
917544
368936
26124
185017
557971
417842
547811
265408
367803
461007
929173
449037
796907
160482
955633
563053
266947
353677
186563
815809
446998
354244
361272
175032
856025
509529
6629
497157
494167
477738
638210
857482
228405
664103
797309
54702
329707
751851
515596
224229
291791
901391
115519
257622
926460
246778
703326
185161
248721
788221
872139
563799
415337
484085
315457
983829
364529
231929
275244
868529
657274
173790
403144
953452
630719
491269
145986
979154
872682
366137
947378
265735
716701
5440
372958
333908
197055
74962
645822
770420
72612
726892
68810
170088
636896
724368
212218
247453
696225
926043
668900
117249
387499
990747
315595
304775
359302
338830
254607
265358
808175
815443
393570
768536
218190
291043
661116
669007
298077
679404
375739
492686
423875
825122
701021
373267
32457
870425
536434
836594
426967
176989
550252
780882
140017
473958
433132
901565
989851
737794
560630
38097
214887
505301
434320
764042
654909
738714
867310
354855
233018
563372
715708
545918
591403
61551
51326
582073
639149
65000
711808
890816
678706
768855
541062
801326
896201
306630
169778
724625
399918
167058
693054
815014
586165
242313
5014
881513
79453
416067
873852
335835
338692
541113
65247
558458
436165
170561
677355
639569
63765
794104
445542
95123
918427
492606
947929
208215
343890
269811
515216
95693
112626
899475
470889
924847
510870
149422
779236
702701
152767
872271
352679
911527
768238
844151
829808
986473
606041
733453
843260
703605
357628
152483
29582
754887
461634
757491
776657
626451
504969
947726
210629
727460
158956
945180
536883
95003
426852
281870
333868
53902
326744
217268
806983
194411
298742
850957
461860
23422
3363
479353
446103
795007
268567
496324
835696
675706
306872
689221
203400
346565
163307
116158
75002
364699
946112
628267
428277
538125
621187
749994
905070
697697
180498
951284
405195
722727
11966
627796
943451
239013
228312
484712
566509
92804
514325
61231
744494
699011
137186
523654
613921
829868
70890
473376
783932
834109
772301
264729
762738
810300
783829
992527
363681
787005
576914
581355
660133
189165
416692
982498
889499
486245
116775
985566
102826
495404
215457
117130
693748
274650
523632
283907
946444
973419
869705
521204
665057
387281
864551
194629
985438
656134
97583
561888
945119
850611
505476
485423
608480
743716
310818
792796
737628
977259
80832
131508
441565
603632
640219
750142
23665
639032
120796
101688
353998
711463
648787
578736
316681
858846
539314
412334
487313
662235
850823
434917
716315
777881
723823
525782
933395
447043
413904
905551
534800
440267
918658
810575
490094
953832
186188
205769
219166
593088
46909
668717
457431
999643
352223
900933
353828
256606
573407
176096
237854
4691
1141
317867
436726
470440
630709
532069
158265
153039
172361
996903
924346
58571
225578
945676
252856
493427
798768
321628
120459
142878
459546
949629
935656
4973
732203
824077
18352
292883
293846
577969
497502
354672
270929
117301
492850
866478
1988
720049
32756
881201
288309
641055
722787
305678
419195
736095
292593
192539
440135
416950
891093
782618
78944
217138
28198
974087
881287
950904
234165
261288
87574
592967
576840
996087
265532
538346
348783
470674
820937
335306
492900
193678
677786
878634
139362
521292
700
878339
105718
490903
719338
252874
406374
772086
8863
614988
250845
97337
608823
640898
121348
805733
596816
197082
926628
673841
190246
355019
782119
293212
282358
678894
186710
539569
130498
156872
275424
303544
607542
725431
379263
566908
503237
222391
393146
608549
848002
883003
608533
559239
805319
865521
84403
682433
850464
68303
686729
632841
751661
712311
195868
490083
810895
758390
527481
893867
353403
926222
782573
87459
786889
239703
506351
429471
624048
984257
573769
478708
643600
718093
679898
92065
981611
957940
727833
602851
894922
981373
624437
960893
515958
386168
798805
13673
812249
185377
573544
127333
997284
728853
572448
126101
771831
561496
406292
191436
322873
90627
362911
26209
771039
27999
256424
888136
571245
742385
624367
744878
335812
482325
80090
560095
959481
805817
544572
911171
941994
470649
60761
774061
566738
484026
981890
785063
739836
3545
811489
283596
74688
848229
922520
721697
54510
888634
713574
615165
748361
598268
847510
115066
114665
644419
986150
826576
140767
290217
895195
847671
105104
591553
489588
912767
290296
95673
635014
744678
154828
57571
677149
725170
729941
784743
94078
357523
581701
788680
976822
495135
468281
141309
423540
764122
873717
58196
207384
259243
294310
71066
373609
853958
306356
587226
529582
846576
447262
848796
197303
578759
563518
745845
662835
458485
522107
353166
527499
577482
507270
245279
631336
467633
521667
196969
411914
507205
543372
425513
33661
605374
521974
814766
969801
852218
310049
754308
65756
28211
902625
869568
485129
924216
929429
199225
690882
779711
619870
650970
437001
967156
268139
427244
608298
923861
358181
536466
839792
675061
13231
222020
189013
498306
995625
878802
53196
714773
758949
111739
61593
475203
701316
117038
710789
972627
32337
401076
840067
888504
887603
904709
686490
534312
766043
255535
958937
236565
143529
124027
388976
784192
623522
68739
410930
902907
140119
308554
327258
887952
489571
528093
729113
557351
951756
284270
769319
529316
740518
843148
952870
468259
391383
981320
678077
712929
741423
761143
440761
509937
739988
171713
498937
915094
146765
386806
82235
803268
789329
537400
370845
306514
554694
313551
859224
213663
815826
504069
293672
369484
809841
649191
353627
615916
892820
701028
376181
792500
20704
279941
603566
829775
320723
687794
430623
234935
102587
33506
71114
769129
254595
29871
632578
431040
399820
638
254931
510216
963204
422930
813815
481700
449902
456742
742633
809639
219047
773593
225453
761229
354497
400287
962598
699559
423142
323641
718520
91311
439245
844137
901798
987940
836241
129361
460515
164876
10732
573876
835070
230250
502049
194411
469799
747224
545737
999626
56550
594076
988339
3388
530382
824908
721309
306139
101850
104849
484068
839026
691352
832272
689578
544610
574069
15518
114578
199868
573817
220128
828899
709852
750080
392755
413245
860433
994964
809456
271749
501799
702437
989342
834766
78362
563442
190121
919494
950412
917813
622062
998102
8222
475188
353577
346358
454608
976748
275593
621231
143567
25194
495846
818946
835340
641484
734371
626265
868448
672564
134400
519664
175440
208065
863250
399018
537521
101383
92902
760180
354047
845892
394870
327185
318840
209650
4643
98043
609417
196008
730389
121913
996055
891136
519055
2464
399020
368735
937225
770316
133189
951991
222505
714167
648342
664430
717381
2152
850095
387179
600765
727271
508672
98208
352062
47538
224760
961378
247256
357519
400506
846105
704909
550051
605894
900362
991919
407704
952923
564028
820265
161577
368253
298100
256552
875945
445865
964828
922148
63685
160524
712081
611722
722590
695432
413019
320904
876802
893910
562357
858232
683907
65786
569161
266194
511263
701845
536891
10743
61724
370043
890710
82174
930749
548069
331454
423258
350756
651682
135910
347354
846129
698669
194569
361590
485619
971389
103490
382567
850953
787646
713422
417288
636456
444885
639262
409655
6334
834769
40746
996311
509776
213993
519103
328535
601312
442077
218623
561430
272919
701226
507117
872989
254710
478989
184865
533724
670432
561667
549032
606542
494092
733894
144567
573477
891018
224474
935563
299532
948111
614512
443867
41490
276547
903468
995753
947996
954200
510275
374289
554017
335648
118863
347202
675713
2973
267631
388709
851970
655997
673608
852928
743201
743086
146492
755289
173242
37235
399755
381279
159797
670571
391484
189634
75472
198344
184219
996849
191356
819728
262291
31200
153201
127337
539303
695134
473209
771733
169157
584335
897875
25650
431344
60792
851784
123821
121256
79086
56958
321450
902925
603985
214595
34028
447013
456781
273049
239522
20469
462364
138872
58516
3080
534810
299135
945016
936681
545954
384798
311751
773647
191081
755800
81274
525824
58670
441224
922223
612523
440974
600064
525389
240288
682417
583467
373203
688003
460977
916716
390752
588067
502817
314420
565949
486598
770137
568804
118423
97034
732992
974226
368910
985880
199146
224320
341291
821720
904984
562833
665194
127624
348190
435618
450289
973284
547010
376728
138682
589697
558493
106490
269678
429053
318057
384520
135932
74902
4803
345048
288686
763337
369839
160253
606492
313803
270812
510593
268006
23049
117021
360518
529549
476750
457678
294974
156848
449391
992449
925149
183123
77342
314702
655184
718168
615641
144454
712840
105938
187190
873653
361783
795408
491670
464604
119755
7119
305899
589837
267305
758542
461565
123205
251067
691261
104485
884068
562879
334673
854893
416829
332478
826457
264282
827771
334376
672825
291651
673449
628949
864843
846303
831985
540201
61390
157247
594462
567322
509926
503583
734208
864
408369
782356
21322
578200
248355
94130
18230
630860
988624
17988
660753
73632
93892
362290
487215
869809
641059
356787
81367
249418
234540
46882
634581
70381
617684
782063
799000
235688
255375
50824
833128
909588
807766
99619
398588
1542
992958
15516
233204
515012
615163
778538
811389
753360
672507
185013
419843
145809
697919
359818
915687
37197
763170
338025
862947
457119
44953
897269
149922
364805
290961
681071
80787
837210
772576
939184
679082
780157
199895
209717
904395
28015
480168
402311
650545
81018
368477
917340
767491
348215
745872
979843
190070
778130
637222
318103
837545
133461
483413
468720
673463
387101
539162
744448
549857
196031
493068
415631
284221
949240
788959
746767
50286
582313
981744
744889
418789
585077
613337
788315
8617
419069
548984
704903
391372
346666
223004
137877
537183
935366
289521
49327
944342
737554
653953
34734
236272
971102
777012
932654
283541
590790
410295
600563
885665
667497
287876
315476
872329
745811
877394
840317
871356
818910
865535
862498
810945
332400
330032
48604
948054
470650
349390
516733
589351
20704
327697
516466
252839
512587
327708
953282
598238
432085
258854
117604
853606
604585
364340
424997
974042
443197
988567
610568
690334
919273
614317
864357
668780
915463
869421
361537
825994
739780
148040
596746
359966
645416
816062
148847
565768
409920
498180
104369
140540
496292
256888
368459
252294
5678
512492
853416
220725
960481
849102
632867
809609
169000
640558
144219
512331
889677
762470
113819
53297
551685
983459
820275
54416
38317
186148
699664
486868
384984
939222
431089
206365
686355
451882
476330
402443
603275
352983
453026
472263
714462
845525
900881
143321
366497
641308
272600
603111
469243
958089
685089
944580
976821
690738
412029
365362
423261
732816
814989
236590
361071
363275
768717
237441
51151
573973
271158
357239
901048
543864
774115
603942
728885
272135
390545
356393
242523
373646
808030
681993
577564
262943
890562
685363
409397
384904
907151
434466
163619
335031
295295
511519
408965
211834
248233
697773
253068
256928
402785
15926
260642
287192
30517
973568
41457
806397
548148
654062
738094
110144
561450
483666
862812
615512
544323
889513
375927
5159
302304
794244
687448
145142
565698
159696
972472
502435
709638
323403
822284
753909
845233
692525
835463
514987
972975
413310
996647
2528
509155
349081
949677
230286
649542
448872
198514
947657
452955
382894
723852
414855
45120
999934
286905
828754
440594
198377
201416
231341
345280
679534
284563
538361
994007
629286
490861
57250
332603
820695
952614
474563
393202
307654
184035
623024
419840
848650
982975
846129
165577
80255
462342
326371
118577
455278
741096
209337
65993
809692
384086
394955
201988
57797
841871
59959
678334
867106
492619
445949
877945
493401
911992
961376
58297
946018
424532
325598
367555
825152
639491
179427
105510
299515
713173
1863
123634
237979
398140
483231
459083
328030
72650
620626
619069
935240
939099
93227
143729
148551
678566
465436
430802
16918
592599
174466
378205
968541
732890
531538
879712
452588
419103
965335
515617
748212
996374
87005
363981
351601
271374
454487
417644
332595
279850
945645
122182
915303
29415
920315
941160
729028
14236
817703
878099
877000
769487
365320
819990
757298
403955
471385
190827
418882
435984
638936
96940
617858
587943
670728
108269
384583
725138
842513
392847
954915
33363
719992
216948
706096
158574
919906
503732
356872
780994
422175
242521
966342
739715
511706
368099
185961
783667
992746
782211
376516
241222
689954
54299
879878
675858
382273
885328
939586
975027
346127
494686
768029
172980
949425
203666
924225
847936
860675
19486
90446
22698
933968
731304
446640
870962
681509
572753
999353
811972
277320
139628
404012
977393
384440
339844
559353
445363
115045
42648
176685
386325
323308
420529
694757
518244
462623
65931
846407
41479
908893
194363
37765
782948
771285
300260
379062
877945
839559
377057
744591
442800
942482
282953
291379
156152
815827
810215
788507
133572
826626
774613
838867
955229
988240
692498
444135
751017
711105
773293
165355
636675
311711
970987
452650
705605
823710
905566
383213
583646
241551
202467
970699
662517
817463
504143
892915
710669
448665
300451
454365
180097
435145
964768
887364
823656
858764
256071
158115
405360
682598
964424
169185
774349
705892
199629
624613
372001
690611
693094
633859
221852
153013
879552
304716
108221
678094
208958
30165
626901
598691
633388
379038
941371
998772
937508
205081
746760
754623
147365
900931
256255
294019
893575
61004
753302
96634
681901
935241
356966
591495
233484
250393
565638
974535
399178
720696
805188
779268
877827
940391
999786
267957
251028
211916
726602
260693
184982
436540
28250
430020
727961
907825
564613
836137
465814
378244
926272
942880
454730
810983
577720
161218
990308
815583
85055
996320
718991
135882
375243
828685
987613
103241
744793
875906
343460
474364
879250
519498
955461
602453
63823
417457
13910
963172
514683
523367
107060
325868
624516
537588
987927
244537
932156
148479
958118
965340
493275
726261
982076
9183
334768
435987
647717
381059
942343
10229
277870
972777
864461
848040
778292
60032
716068
202151
329175
999129
460110
790553
59755
376139
368185
931339
976625
389282
121910
803282
859422
220434
173797
106747
419880
226313
590772
613986
35115
544271
960738
195259
687747
600567
545364
465912
743257
96573
934184
212541
356294
823638
930021
41945
469253
90104
818817
548077
497727
179315
490665
652247
408681
223989
765741
878040
598739
52528
194636
823265
617688
812795
259349
1576
804719
601577
850430
896689
785429
321249
587787
43409
118358
28208
979749
145621
155165
893972
989033
729859
275726
55099
642791
651426
423126
674642
159631
423801
181162
967654
835226
612307
429054
990961
190678
910557
729286
84676
675222
883605
843293
531927
530626
585865
291192
430881
12860
648426
41697
871176
550917
503391
321923
15137
638819
532804
539547
990317
611945
64870
909202
150679
977376
582385
992139
775852
905943
219998
335143
325660
939974
554312
780542
962937
604177
533505
38485
808157
759428
663736
656733
774188
708784
177666
47231
820506
306838
473944
621357
455539
327769
672704
898694
982144
322454
476169
810312
124444
594288
126184
108888
787965
727730
491715
775233
170650
376564
170468
888210
726836
566906
28128
691117
54018
84705
835262
888748
67937
679757
112567
311654
148297
876820
857812
183795
373425
432775
724194
310757
767424
174086
36045
271171
802607
399995
499583
500806
447492
690459
321760
931289
470818
344293
534783
120947
381814
425747
73949
945736
516036
995341
210963
537777
821422
491798
115059
950890
868457
609308
236493
864564
68218
911615
478920
163712
531980
387439
458119
924553
231256
578782
89543
413291
721149
200572
649913
116455
382936
189868
560770
652623
5664
365802
915599
564922
296230
422145
828549
440397
661205
764213
554645
469652
662558
617469
821728
253728
303278
799958
782635
644441
395611
633784
381001
698416
140247
298812
376399
999842
358575
164111
539506
999357
717290
662052
845947
549356
983319
962447
331625
494184
236314
178195
243566
256869
512774
323470
500205
636668
925850
766456
290364
299500
902211
678977
784863
116307
429810
777272
147710
215986
875347
242622
124609
645175
559414
60806
627215
322345
962564
536774
598227
811577
232431
591847
464241
806201
502005
978175
748448
759921
164623
683024
364340
293261
960119
901811
568425
854807
42796
858927
524303
520109
387774
607510
917601
464153
490917
649067
831382
860650
741365
25464
136484
249580
889303
558110
175491
57524
76079
55265
146172
549930
515158
955317
578422
949367
73485
614266
525175
340698
995431
490378
74611
691212
94592
995263
714845
996898
121638
607001
202567
623167
92945
17386
839497
805293
98369
241594
482264
769399
186896
38357
420003
426901
650757
740934
68210
434687
948196
295557
464392
160036
632639
234783
755541
39170
162638
309869
883545
427624
970677
573026
467498
717755
904147
738483
206080
864923
775741
741221
894052
159365
605803
129908
813192
604983
489582
515198
37178
127551
568592
391815
480627
245100
676555
689428
536570
736378
500321
815864
697064
994651
658190
774287
456363
726543
992464
436310
926669
91960
157528
298968
146571
872364
918978
96604
126534
21502
702610
625263
956286
159747
433115
739565
993438
713756
486658
563651
203807
917472
366018
24829
40313
572811
650794
791007
957296
607574
381349
722390
606672
331095
302152
686640
667505
759806
238071
345984
693305
169277
808775
715369
311932
450804
753798
489095
103768
22983
520325
215218
776263
509491
740665
516273
850175
443348
104597
719762
150362
870967
79973
976240
131602
364888
603948
375905
65644
548790
169216
400161
130309
819795
642478
192690
488249
729294
686262
918299
478926
280199
554423
953559
420260
647091
304793
758054
521222
320156
140824
490200
467450
443252
440001
13654
923029
640963
965710
125095
76486
946529
228500
252662
978446
360850
71276
443752
213133
194475
216390
993282
648441
400150
764662
823934
425063
870169
351548
327333
578142
862296
258896
538696
370552
4477
333626
1388
654434
875485
360130
498683
393734
173964
743669
733660
895014
849824
698385
384066
247260
814168
786968
766884
178299
713064
84097
680038
187398
640943
191108
429549
246759
21892
538807
161358
255989
153454
191274
947440
211967
977242
589855
555068
867077
478731
391271
647268
546670
535060
263007
417656
644038
359625
823830
246142
925281
842015
306479
332795
131845
241078
390248
688553
419581
184776
243145
843258
991999
280551
593440
921977
511301
354741
384950
223996
484799
552965
112122
288131
965524
611784
152178
699173
333965
271759
459120
497387
368282
779650
714087
128857
837174
7611
201995
178867
182667
936265
578663
140036
748426
149909
914964
645035
86532
374767
879592
774063
340576
510044
170358
713360
458196
872655
184672
604782
452270
257202
438767
674811
889486
394147
916914
668158
219341
723305
50944
138482
808643
441762
472384
387180
640668
214062
463168
404873
718375
660106
379291
114096
803860
924767
736702
870704
432687
135202
616628
901628
976387
872614
46956
204096
965054
230662
424071
430205
263867
380753
342760
813425
776024
605214
641365
340312
783315
162528
954249
86837
325595
422664
662469
433600
947025
61466
170509
542579
580510
574068
89819
842904
438660
447107
183005
626856
448891
509680
357694
218626
916016
778093
85643
724319
629852
760078
390086
446150
324078
330145
408057
165086
601022
677564
623220
527045
461819
785170
825422
99819
657717
431483
584383
711368
543688
575958
391630
887180
122392
576467
472323
233519
519135
304689
322935
737718
520241
324590
894874
130021
197108
659046
92076
498883
431480
390096
480525
135579
292365
810665
577473
692355
226838
155591
375370
870044
572472
440033
736944
361581
481839
963941
650792
598410
492942
323896
196665
208077
345466
734963
620580
355968
827612
846410
422152
561373
420594
408798
811977
22468
735990
371742
198839
623636
264170
243338
198938
796470
343535
705615
162933
620893
976667
20763
946125
292844
763656
654079
741573
955016
139857
897242
36051
532239
177409
414089
662223
865702
136067
26754
768558
958521
552075
606089
746636
389939
136015
616839
789275
248126
171807
223226
780483
273548
551291
80177
718631
894022
923475
466365
182438
30314
422936
828049
660531
167130
577302
681906
626313
509734
222696
520509
795245
773445
614353
76231
482614
345506
169578
571712
266085
481663
151031
569590
634882
320868
561651
472599
708181
232657
823821
943204
642255
373602
268070
806527
661612
412950
515543
181461
449686
800902
806484
257469
12139
830372
287803
398723
966195
735120
861963
85392
417040
88152
530744
414006
633612
346484
923899
712082
957839
72302
914031
509202
471128
807992
598345
271549
239365
255761
183781
910230
426446
897861
398314
421941
502650
833818
92388
55718
781006
186516
349684
365842
571637
546316
745493
710317
476764
646900
60844
348070
117243
382153
569530
703381
136092
865722
507757
135345
119594
745400
421496
593381
350564
479093
400652
115892
46946
87179
437067
505761
306124
710271
41884
555904
713640
707437
4844
844894
565897
573666
110015
618750
806870
680780
156555
810032
111779
811278
794926
665396
708374
231173
792259
279408
983685
713330
295665
103147
116102
255553
651600
963603
732075
263375
646629
259085
746669
536516
890687
847622
32908
808997
326764
548602
117977
138015
587335
143382
332953
315462
571557
15927
363097
875784
312909
6119
4280
492921
938333
217035
880253
631798
366801
101430
884674
902911
840448
727656
118232
974792
31835
471424
589311
792596
227480
995225
270304
169943
78833
52692
128143
684755
867706
710682
747616
602149
6821
50031
313048
535739
846151
964275
785119
945654
321158
290801
99442
222340
565587
400580
727231
742397
205246
889837
652056
483497
911550
557801
614395
989754
525342
472325
376163
144696
979869
755339
459236
256493
787606
961761
706413
206381
753085
985179
525103
23563
777373
129002
246862
442081
175975
56157
136731
574647
915395
852077
364385
610746
129584
798951
910048
767579
24284
389914
418847
246692
656894
865837
110562
930413
706080
377222
617744
702922
927553
502446
20757
694132
353943
790648
457821
827840
929112
982504
640016
838931
934041
286882
995253
504098
194721
936847
664114
525754
713386
846511
979713
863292
582229
633017
290896
77968
15204
916263
635476
389988
832915
901904
813607
600029
593949
562803
180006
607728
494282
242385
10452
685986
554914
565659
21418
512750
444961
288464
477104
826299
790681
871129
774974
149720
212819
303885
667478
633380
145312
933007
520275
700478
238764
728955
719850
445121
228868
108911
974567
945151
807361
755665
77692
373244
700349
595022
791778
173781
282127
677653
481585
575330
327990
13654
922027
237170
635943
756451
390131
584597
935937
204898
311879
79044
418338
552094
24816
58859
190441
504250
649762
560897
56458
155038
195993
444801
432513
693874
438192
583445
375789
766814
772584
162035
183923
91894
504089
162100
492873
588841
315269
33670
991389
604716
274076
40346
923523
596249
325728
476428
82307
335744
936569
209585
94647
91583
981416
944254
314594
888849
115928
260394
993925
962329
966903
127745
855259
237300
735208
80764
720544
507087
463898
719586
992222
459682
710578
29036
283609
132844
676917
329365
900829
465011
586188
286635
512133
318708
423970
573879
202365
793634
655436
533089
749214
2637
851620
952124
363251
329651
140632
643879
178084
481680
859984
996498
685779
674358
287539
330965
590424
558055
347920
229809
388384
523512
42064
795961
467679
939008
126230
670947
216753
576205
930780
207482
45193
580697
920770
371932
947970
836070
50596
567764
672061
305263
347153
495569
998748
75704
311737
737061
661502
57803
402114
576739
32461
177617
531259
240402
543440
66742
237237
640068
917014
891913
227007
111002
214962
830455
52123
743188
93478
573153
350805
835992
43059
498412
494680
141661
649133
876249
587371
607569
194435
284347
55509
770180
419466
782021
832141
44836
617692
571438
62403
915518
151340
178969
364996
512366
781875
597182
8261
821766
853604
53730
172484
107972
649695
495124
163559
217974
653278
585171
556304
714635
132996
336007
517429
367372
100681
95081
772366
184662
683155
801234
898489
434612
174315
693550
423056
336904
549907
895518
685105
511191
247533
775162
182586
415695
113973
802531
605296
406199
540902
233778
50336
724329
352621
202994
987097
704881
259023
622223
371414
911803
795436
286400
35716
830999
993458
231801
388022
371268
120136
10901
7463
849074
235210
91161
33180
563119
307869
953516
430436
6808
708522
547848
97131
895150
964218
448808
841332
180076
636560
229151
634289
461082
518537
90292
728288
538332
248874
44520
544782
794853
326267
543952
338024
647858
448658
291729
800369
985109
587980
794790
888085
42751
41511
574625
661293
594256
956642
64523
866612
486818
655014
819621
801519
491049
526983
791894
239597
758266
662166
199324
712896
677199
465477
887866
885497
342198
750140
505913
856137
302492
33413
824294
778765
477824
483765
220038
978476
599568
697648
478975
531278
920738
602162
187856
184837
60592
291845
193136
643224
252714
780409
115688
694116
321047
420679
681206
986301
145805
555446
139468
374498
405173
862089
683056
589722
626260
771543
485833
914237
407365
622062
538936
428690
68147
548873
894550
797292
692397
336132
252520
594196
361955
531937
951636
438343
175361
741664
133169
104691
239056
955608
330453
609389
6014
797102
44814
248305
796036
380102
405545
114798
853619
826516
879602
549893
743719
720384
874244
321587
885757
558128
506856
77452
251152
702917
544102
789054
945432
440485
49205
954199
490497
863458
131037
186219
575780
999345
328818
81813
841916
561098
372991
725096
584156
934435
405057
742875
136314
486861
630898
631976
926076
896878
267425
66614
735918
193771
318571
462170
585611
831549
634719
73918
224090
927148
420677
370258
864242
578931
247229
143715
218525
828840
810666
173147
940440
270749
209985
361057
827780
31156
639091
323143
437713
73426
727576
578328
379852
578602
871308
695728
281538
530799
160573
494707
855109
395352
869492
210389
283243
970461
564546
416144
295042
170897
499309
196309
738037
915354
969541
76404
183264
756133
844622
116375
152023
444340
159628
860531
677576
333123
299344
346890
489560
402561
110042
966362
816301
199145
159401
71771
869675
521474
958965
218963
113464
995030
339593
823764
140798
982374
769480
655083
478884
357483
548366
411204
823507
201207
253415
708976
514545
389316
725128
771785
814297
641417
480343
819195
606464
283582
622507
542189
202434
295779
188845
505867
674183
244477
169819
481623
260436
61258
759910
629182
795715
218476
627764
733701
304771
69618
351115
379275
148663
402264
329028
96085
810689
390340
439209
127751
285733
478783
272556
153881
400584
230842
304870
306007
571979
947612
263744
196249
901603
827998
929862
952393
523889
186819
700987
930796
823215
455672
10938
764142
316726
527275
144569
64837
989213
821229
180144
254204
732775
969846
734342
919441
441737
377745
904093
724597
733293
693187
171852
209235
898840
650103
359634
578193
959296
521662
341526
959102
593514
677820
256773
470303
723198
673969
599858
176264
952405
756044
635975
857145
420918
762893
39198
449995
197885
844372
617683
383213
17302
41860
106962
956000
262998
760335
976274
814176
46947
115914
254870
23409
143097
342876
282952
948720
524030
97714
594173
897181
416638
412468
608616
335661
9917
929523
982860
711352
527872
965583
823518
91135
189016
886457
635117
185377
306497
402878
450984
403031
626455
717261
207263
534570
80039
944800
883812
802909
838482
265173
429874
878544
687028
698386
654633
63594
858569
94798
850333
623033
896712
241945
488370
81393
745378
921739
455462
763616
425663
695448
279724
767848
246221
810547
527459
134683
477091
116633
829904
405025
342547
97685
232891
521826
71065
846509
899774
645332
306165
396086
659782
145664
484912
109964
120433
909309
708203
505506
729362
68111
457398
730837
30371
808741
419927
546200
62959
114923
419841
674032
640173
795941
223561
753419
185166
517396
13386
888317
672947
37812
141454
438659
643628
249174
453546
376880
908255
443956
377748
406983
787802
226363
624283
874440
673760
6814
987183
331035
739208
425104
24194
87505
668934
446618
16615
801735
382892
795801
762390
650855
240449
8465
369232
414439
180568
408806
375623
638804
210423
139929
854839
907220
546190
656156
763340
114226
789865
414406
628159
876205
91224
64929
777646
560676
813500
119947
122573
868234
724665
651283
222575
783481
789877
148578
613454
943251
992103
678217
663176
858247
649598
420766
813229
411598
226333
133685
744514
374354
132685
299545
276997
840684
359210
488054
60586
936110
73301
652528
70759
995605
757396
39476
238688
940317
384391
44884
659467
805103
882452
6734
7876
606473
335835
533981
256259
396944
33120
268817
285229
856417
858012
385032
218596
426634
694008
842586
270335
720507
187487
293090
399548
39657
512201
561185
914614
109409
893782
159026
502890
151818
756374
347764
439862
59000
430865
7777
462314
788113
13092
351717
483386
774487
94849
185045
620684
433240
573342
68153
834811
172231
8775
322591
706828
337659
315135
626442
415756
475093
47232
16110
720681
451781
866972
423186
616890
47176
590269
999861
619088
87916
904502
926887
557289
652246
809413
696753
7704
468296
847858
536817
302731
227251
806602
155738
408546
600253
537516
333403
82182
371172
20575
242521
377758
696613
65296
103283
418195
286321
955770
887035
955526
458306
790003
8388
288902
437422
899384
227909
146527
771950
685677
636719
48698
782115
262590
816678
77004
211479
854712
727524
912860
447020
118395
286717
651927
245165
693243
646563
339547
35292
616873
631437
826538
770887
516533
232357
10562
578121
581625
120563
375724
979531
641586
627140
197766
71426
941129
451451
393530
450240
725043
667225
72934
334382
244653
321990
528249
131723
434584
807079
398770
1430
161188
101469
964907
664271
219283
209203
715072
394042
530278
585679
554945
66348
13167
80065
891567
919280
180941
833023
263215
202019
230524
827124
423445
404552
620634
218256
198029
889832
697161
509770
714863
850048
461068
123361
405099
419085
179835
282111
189889
245748
950817
186446
407478
894244
230067
862157
484724
750888
959822
485647
285271
399750
606730
47278
657696
114964
164381
549783
487302
737679
608987
554133
605749
359457
259544
220949
30862
239717
797351
192405
652858
259097
163654
276377
66391
334886
649576
920369
548733
827191
979252
437251
481476
211443
909988
561551
462131
60797
431834
601743
131762
89104
789107
869531
583557
889553
810607
151762
107144
449398
453240
121130
950927
998463
248592
696390
292755
376993
375258
519502
805601
429542
193165
257368
923567
268810
913016
979189
160467
336874
290686
602902
561516
418838
34949
762430
535686
407162
341338
68227
774427
71613
480405
398175
382128
596338
706805
539885
521693
707783
954065
661820
418037
250723
305573
315961
310294
159788
746860
348509
117406
918332
375791
946888
378951
690436
567024
348199
78073
484951
357669
585463
73358
42421
760799
595423
168102
325535
121779
398908
615958
749223
193746
357632
667958
153971
355514
995828
68888
746959
653537
976194
930097
334201
95521
72056
271030
818650
760246
725474
214429
172050
540525
395492
134601
203910
98323
433415
708705
985783
759112
758312
606856
711423
379540
927512
171534
557022
573428
486625
284708
437941
731317
153504
411113
362825
923943
986703
475925
657789
965316
802072
204907
947246
725515
933294
981706
676980
148911
54154
48923
983256
557038
189397
377140
932603
800706
925406
453084
912020
147773
301874
658249
637347
868947
510233
750050
955688
90746
361444
538997
675526
558753
746018
69415
568415
498601
149523
995512
859498
773585
662610
860848
918024
978308
247390
712716
318864
979875
487788
989979
686137
288881
682747
531670
431912
688874
52024
244054
207252
451313
241953
329114
947187
856589
450987
137532
398320
87714
709230
723131
864747
224083
561457
458380
448838
445961
961484
264403
36460
767624
596465
964041
134078
297202
495917
93384
650398
365851
382028
574817
306296
528373
270279
977435
108256
284534
18296
355144
698524
559809
267567
147517
985643
327325
496854
645334
755992
810530
407779
487113
499271
885961
875684
390997
172887
91615
381210
258684
875118
986068
295822
486378
755291
31990
181578
114209
916092
820749
343874
652707
377438
398065
183671
225311
678036
457514
936496
562319
83886
302830
814441
114515
651362
117815
461866
564612
749821
150831
709587
154937
448793
378517
258504
670249
257643
279175
648287
997778
516568
64787
54931
589353
488840
656269
944149
862203
142162
542428
906660
278579
981137
835023
747889
369292
559628
648496
334775
350850
608293
110241
255871
510139
85311
247631
663168
329396
335597
42642
950677
727194
574598
666372
857353
75637
714385
232410
4015
661003
619716
749672
830445
118089
692320
36960
42231
175124
46544
339206
207488
499127
81628
452730
849652
520603
29758
587052
890799
717274
621662
966577
257726
450226
377306
278122
860546
994916
316497
791677
506262
609246
330457
325140
772621
65842
52313
189253
853488
630060
258206
585564
318787
343126
443185
277052
53627
182063
807346
850865
277791
182689
865683
298476
656476
4281
578823
154600
599342
858018
137995
54949
717135
131494
828156
982422
31485
434388
683159
586883
416813
9677
199076
103395
704769
712452
657930
498269
692279
586912
212608
746599
860380
258855
628937
81628
992398
496499
19375
580640
22497
772730
381400
531333
427287
503735
830289
610390
404822
624635
550276
606761
100223
233233
731848
44548
401568
68372
288131
418073
91398
512607
597655
522360
268375
980401
915512
349112
234235
787189
298071
387046
544438
676063
449902
676095
630144
186612
901249
649706
242204
750588
732785
328673
389578
477381
746993
531990
355123
569004
258801
366317
40090
352975
490957
138730
525062
816861
266192
783305
165192
251523
909865
217796
149439
483254
262023
280160
425556
603913
542712
421354
851873
339121
435274
371257
411375
562833
196872
7296
879254
351264
407048
218948
701371
95199
483518
922457
826997
648732
276887
758200
39574
556714
427378
961918
574491
838695
48704
309240
424963
271007
533281
119550
194384
596730
75889
552266
845368
782932
298350
95696
32027
987390
66915
34064
605137
947773
628281
539435
854879
693480
598347
232976
973016
158853
684866
268464
885324
735721
394444
447187
587176
783810
654356
341886
51974
460068
148934
657028
367683
637331
797316
248837
452751
638802
227808
907636
268182
521929
400976
456350
224669
551486
830808
579950
879625
888276
481045
931519
323986
274993
745554
988435
749076
837504
588506
150754
990800
486655
21567
985920
780340
753985
845046
303489
342693
8259
159192
990086
512925
575196
404288
753699
564657
109791
567346
347978
804950
972489
766888
913619
136565
870230
335898
290676
278764
418946
421242
128269
538447
587973
366747
444937
526956
853961
708999
622577
539620
991744
89449
80323
811362
532843
739351
528848
151366
31495
336217
266691
630324
300846
64093
414787
879395
660537
871322
746886
61013
62412
825204
176787
767613
593154
603592
454850
350364
380369
568516
797789
402304
66895
749942
488833
621851
312750
557507
281463
929821
822358
311504
770729
467345
33280
772408
853896
839067
477989
558061
189361
105192
601792
60353
229092
290806
134675
163245
495379
808448
903028
621072
887386
778561
69711
697687
509226
409775
426337
755356
377748
459287
39247
81044
606614
638396
288249
434382
98637
40511
961683
815303
823981
403328
887511
52438
501123
85851
133622
710647
493501
393576
233725
884950
170236
920082
890131
850452
845528
735348
507437
511977
308444
799203
355815
816404
114530
612583
809018
85227
393788
344182
15113
472739
265942
887911
477679
353636
158357
774614
707389
582101
843309
418456
477005
904344
260384
951836
863644
820839
48396
998728
185986
481401
511483
880810
703229
78198
764563
432561
987370
335237
281108
211807
351556
285262
334122
591835
745064
29054
224769
508104
231327
361624
2446
106599
522134
597250
86342
554583
874061
296788
810332
726717
223102
495851
97251
984586
119424
961629
41580
553470
645649
509886
781314
407544
870009
410028
579740
398454
56111
447558
339376
75621
203104
544040
334136
395855
695472
994943
181506
952899
63822
651253
38645
207410
667269
736222
432915
642981
606497
369414
194835
599463
58353
39387
842032
969629
13871
309237
565731
411260
989346
467019
100973
432870
214977
504849
524004
929101
32761
775428
307390
563045
903382
438369
896556
659660
684811
276298
737962
832422
66350
402957
274602
189840
615402
331950
103957
841289
654397
485867
53640
543826
313148
798898
384448
745819
737141
419416
814675
997948
306810
97261
349389
80089
777034
616923
66630
107419
109732
772886
653801
818963
989566
711627
399183
72008
328717
338671
471407
151377
797047
576253
223222
26695
258816
859369
730625
763094
876956
213804
929051
424541
153329
727557
202563
708913
259484
785086
471634
944387
74817
220068
137451
803836
257201
546398
470896
464672
978841
792951
209866
686720
241599
850468
712047
872897
624084
388382
321776
729091
158227
683016
770697
490700
63175
519944
395053
418910
709704
969371
133448
988941
360692
938076
969297
464235
176332
725732
263267
874532
429718
53743
631222
850868
164666
653771
637332
883983
647610
469513
912662
760268
294134
127699
350434
742821
845578
685832
723917
919550
458138
370298
244716
875327
643300
727790
426039
162271
178397
386890
246975
928513
737647
116770
428595
162291
483233
876414
376809
462171
232166
401506
968470
186067
497482
580512
358169
859457
800033
135299
595621
741912
490633
320135
182740
84981
117388
50371
308967
967734
496188
997026
726900
128349
494683
269464
848428
424837
423415
787810
927807
985224
466654
604513
275550
87381
762407
11531
506072
861498
782975
515692
926267
111997
143475
552498
648400
683898
432019
366241
671413
89464
765311
217071
192358
546225
833599
779417
201025
495244
117368
809495
889621
977973
310551
843479
966999
546842
960463
661682
447189
939136
78836
530582
558450
313112
830536
772195
739397
599761
762648
98140
883324
965241
117217
802166
53946
401692
524453
61904
434033
640589
878591
215745
345567
208683
782345
606022
740456
510521
535128
158580
957344
520674
376079
410898
849344
115203
207042
459548
759298
582286
348161
423761
151311
732749
59070
983561
801980
774950
636044
899695
258537
734365
370329
647106
605756
378810
456546
140293
421022
897701
854165
673994
570169
349372
161095
820967
423134
421672
558356
173138
66874
200387
198892
166077
13969
749423
40316
587081
567691
376781
378609
295784
305811
554174
163436
775424
65247
759143
952651
257947
796273
631347
304495
578705
88881
472550
706556
126301
935327
733630
636839
83337
577024
902543
383047
114752
647727
121577
77509
521420
788245
940336
371233
72057
302481
643724
903350
376398
292261
15215
990812
101782
503405
210636
309146
973680
195856
623335
371044
884695
246915
346812
255225
46060
293752
32970
334830
404306
582943
329229
536197
189892
591693
578493
641419
262644
944641
9188
668359
739849
584227
46501
808770
50347
65646
768143
178326
985813
500905
142166
91664
492389
536954
304305
136590
190212
173299
712256
608175
723928
696067
764927
858469
194699
145701
981117
431928
655890
84958
156686
263221
249112
993752
289755
144484
527114
221311
164184
176056
175867
641406
418845
930079
326451
567861
833948
435675
396307
780667
259870
86432
624997
929348
668956
883309
400363
126863
368094
231903
501376
135170
127473
608879
399510
514767
154843
696534
102182
808259
26053
229423
204885
72999
123400
32386
606146
607827
816740
930128
857183
866249
397352
514057
758220
301543
215329
849235
921354
214487
456952
181249
822887
928638
518667
179476
2698
843230
394938
396593
236663
707369
725719
143115
938851
302381
427960
793017
641337
494700
155699
284237
90194
248181
789689
14868
219341
288799
629927
518061
738043
729194
1528
854666
242797
893335
524966
658249
740478
247259
456158
221862
653771
334469
567432
910989
530929
258318
602273
154598
493517
357053
313598
32892
160967
1829
840505
292995
198958
908749
51567
756836
715665
766607
854005
833867
214750
11296
817412
750010
802785
825644
966792
811003
816083
881992
761180
397766
315528
182166
342313
396270
693753
375590
838044
430677
148587
908497
985946
403232
218211
54917
744466
259738
827244
253466
720990
132050
685949
295549
123075
340211
250448
899915
482534
311097
88208
878332
376491
304170
388996
51385
205352
324711
775144
33493
811714
501362
436707
160631
229814
279862
746294
997782
458455
360172
973010
319784
539141
616988
42976
37869
22212
253531
989201
269331
795910
787304
121415
642071
537110
143817
373053
600069
574591
369142
518595
285150
51492
148200
823925
257485
458489
340102
358092
256588
835510
879914
381955
764648
779320
864832
909037
865304
968427
9654
717240
951902
401345
592310
731073
473452
21319
56788
319510
186625
580379
428102
957446
997534
840192
617194
498924
61771
536481
392454
958493
708930
547115
157444
682082
619086
362189
119587
794712
336053
468479
728097
575003
672427
790429
717809
408139
370165
115323
36752
959337
997547
124042
251555
604571
54405
130715
390301
900840
942556
885913
992211
653532
382169
805915
295626
509703
594555
601657
710454
155205
11498
377609
591542
26239
49740
392524
510026
515541
745580
889191
312108
488055
743706
399441
532914
922751
32092
472132
619201
322633
885127
741407
433438
611125
206713
914739
484312
472195
91819
2525
520239
899285
40025
229453
879545
61427
237191
597148
461996
192221
483617
633720
209678
317288
945370
814538
965339
497358
625890
392888
585030
497560
817812
6900
703552
93255
699421
602800
490215
734446
99321
638431
157739
708747
697184
995379
977440
884257
208995
462803
130643
874366
590818
581650
56549
477511
2015
603298
201958
623338
515667
577921
638490
305582
985312
583879
642585
264591
348758
977907
188758
859239
582699
961770
771991
113203
997942
583852
898986
133940
936917
705495
426849
488476
500848
907222
622688
650182
91600
441620
794961
704959
292636
925812
544462
981928
251464
642893
604548
712090
187036
200043
351390
472269
870928
464128
443318
157305
990944
121905
579872
281534
73889
854942
85584
731125
150595
980680
750910
49999
965357
214468
8464
698631
225439
27620
32390
947800
269795
751754
162734
596699
440956
989151
63924
298591
468807
975440
914800
181415
613754
275760
890005
16630
879131
471416
790799
124431
793217
176345
967686
453779
720342
551430
664651
757558
407193
520704
477493
542473
874707
74028
311081
682488
558367
938720
278481
493980
120026
616610
319406
565863
494013
501053
367016
418590
755741
796436
325350
333438
127213
415606
696628
19001
241455
512324
728246
905470
449556
300859
356319
947505
796398
365418
513387
952955
267558
197744
911803
511702
916658
484474
548154
259129
690538
272596
483169
621729
206805
941926
555604
775517
949907
854855
447308
116710
761741
379244
122345
259166
759796
50134
385893
558336
249267
475226
493799
876930
569165
72494
47139
727721
522310
285742
603977
425705
300251
535102
858599
642622
33110
385637
584123
324650
8619
803077
297194
734271
946833
238231
341220
874081
266881
328163
873203
575261
713850
494897
936034
363145
567842
769845
286641
583653
718846
635854
39768
23488
76167
36061
995803
391908
40582
806061
181125
438218
168064
456091
228348
675341
681096
700578
810620
77238
128907
386379
67370
315809
590148
732499
552319
153121
495779
530674
351935
450685
27656
402440
319898
772456
158021
663678
553120
802491
463883
961626
945882
232706
730819
39849
294422
743144
983092
135767
162073
363765
99234
935569
72535
716739
759017
404362
196793
437410
997607
59818
230704
626354
573095
150170
606219
701468
838968
997502
31040
136269
911104
5924
298589
884125
576700
992510
502059
680048
60793
615316
209586
179486
394842
387327
837784
677470
351738
820797
337656
415033
580711
960764
399927
290544
250926
19740
197005
685784
382910
40128
510510
989130
307933
826179
364747
605203
592046
359503
708235
546220
773892
664683
895581
272312
134631
850960
871847
995675
318609
411674
764608
994480
515861
702046
572341
411368
87499
405106
863355
966494
370216
139160
497585
473270
456432
99768
18465
593573
13994
715093
173731
390572
999254
978531
90283
151645
884928
844919
365779
712071
284732
916957
434062
999630
661525
985382
668596
871237
137966
110516
176029
361855
247301
695119
820133
488598
847427
748444
449664
521920
531596
615810
706995
455905
139314
728563
554185
895161
295321
974334
639818
521634
239133
222812
613399
84084
31093
843580
853042
358800
365549
400589
873503
136979
343137
152694
639209
75533
291351
424688
527838
655292
52768
829797
638426
136766
741955
821457
576305
337998
512162
970025
344975
463409
619093
113984
954845
175126
545715
885678
354209
235367
596875
717795
750876
945349
904670
814022
815025
367553
506671
451297
951915
625781
529322
191454
533511
972815
540553
818298
228380
651339
954762
402385
380015
465090
36839
60283
721082
634353
580548
972048
476550
272002
1127
568659
610206
72562
25075
226728
27623
317701
686241
685501
222428
584810
33635
710143
619261
516
713650
89263
188665
635675
549071
354782
197119
755437
140511
191526
651808
907878
283757
312760
328739
147866
753574
845205
832690
626194
837124
2974
973694
167244
550294
508146
825548
385990
774930
664955
97852
270042
672253
930273
136385
909303
226354
136243
907244
357544
986708
420819
879068
564000
544314
731769
997286
277827
738081
712336
392193
124679
207879
738205
788743
484697
972500
169136
913440
412566
438391
573627
29393
972856
744388
900147
587622
113042
173294
96315
749163
610622
646569
28263
939163
286563
335318
352013
876505
535108
260100
608924
473091
695967
395066
127179
138517
77506
637251
199140
302077
934508
645163
832273
772150
549379
698766
464698
941020
39133
564700
231338
465574
859652
874530
802367
316540
135441
601781
406157
286316
395615
31631
595176
98919
161558
717603
719346
980420
775710
173092
590873
933870
920004
847303
490469
828368
732023
834253
483543
878927
641448
172983
580526
514247
8150
198954
625144
954416
885351
388050
21211
274303
573879
495749
598678
185907
424370
903850
915039
424862
496819
775899
272487
615317
942285
163361
472628
750101
989536
241434
960238
141933
422026
203478
886448
151628
650693
13125
301445
710277
823760
742766
913920
797214
823902
666930
301643
123960
981012
591098
667116
144766
84953
348957
924196
38574
792445
383262
599082
371289
540366
513446
235907
370595
948037
140465
930531
539756
541680
399658
938074
826092
817919
585076
60251
820459
856850
125202
672559
768704
221085
727182
377015
470043
537073
969593
898424
372720
149361
532802
466047
87904
334463
955723
393003
341001
656340
645822
497466
904651
157673
156946
680267
899516
333777
407117
943551
291377
606592
747060
609767
821432
139021
575330
533057
510942
417925
19428
220440
932323
822084
808034
712204
560527
232978
979193
527348
261925
667655
674229
65394
446614
240366
169110
751841
528742
729749
824384
396140
202669
458424
630913
969298
939824
523730
6434
306510
280052
655000
757260
795641
308402
575523
687235
243630
177983
788252
802295
67584
822397
956474
911851
512079
782332
415783
529939
147493
773696
659742
881863
604062
596257
933362
656515
619406
734449
655318
582915
770159
43872
979385
995569
470395
192633
821658
914840
48835
719693
398878
299912
788642
546301
41214
416358
178245
132740
145140
335559
689963
396862
661404
339499
129666
619437
762947
459911
816309
985836
311132
396465
982215
408288
672942
840088
2979
3931
946799
522844
831467
338648
476995
293081
493557
527849
227576
789014
814250
539543
758351
673459
301490
864048
228686
356903
668178
462596
156387
164808
984358
7853
356821
250587
384940
894215
913315
398729
253712
634826
58843
264287
615521
418881
441904
609427
96853
747616
800637
426608
887150
874731
86608
121333
17373
651060
83654
75700
309884
565338
335723
39859
175141
545275
554986
935451
338344
102359
728522
608475
179364
337088
834376
110769
325072
300749
358461
159343
309853
63339
348218
695045
114204
869436
454924
524273
271161
788111
667719
962555
957580
514030
105485
535400
8098
647268
180513
703233
962649
431202
560842
90589
190203
539226
140998
953497
462836
70305
110645
54840
6430
309696
16092
539152
806367
42702
606345
838119
524001
799726
999358
683259
243969
852722
710382
34873
920486
654408
487328
99718
302034
136506
324656
907601
474290
114641
589350
911413
963149
297994
1772
90893
818447
867760
930415
200877
442002
4486
662247
450635
814758
954353
812549
336819
612952
842539
852275
42704
648003
569567
710613
176240
982103
776312
99775
208462
679025
617271
445482
242952
937412
253597
479023
694423
579370
939722
281532
151861
299472
728225
748401
638499
173635
471744
667291
755998
344602
81853
486491
598485
833723
672169
846771
618135
93039
306807
500129
664653
48088
273998
183342
890366
279691
678150
715063
763030
927664
915752
588602
500986
341778
61670
993283
116830
201549
