395393
468708
34878
828688
432510
145242
363393
202705
71889
386887
331619
755964
357641
68330
411270
17825
343762
255458
74239
50289
689129
403176
632045
529117
411547
530090
127256
684027
212866
675786
685055
789827
785274
962556
842194
840342
78368
601835
405937
184710
938198
814755
617603
523316
574279
526213
419265
610290
187592
721140
558076
345522
165318
620326
65103
398460
180676
182364
846889
832841
594902
504113
686094
133642
661011
163038
38831
864437
659248
760565
745165
308099
949953
752689
689242
436038
786341
220723
546646
883725
326894
413415
289328
388986
8853
145673
997709
337775
543384
193154
773550
419798
257060
296080
913766
952171
991780
383999
297164
724380
147705
531854
832235
982363
544203
722422
915509
331510
413261
645008
385527
807208
494745
766504
840774
552792
983507
464841
476867
463329
906659
116002
526897
768660
871303
122998
908621
470400
45606
502660
693979
375254
46795
962308
607844
473705
331686
560563
938982
804945
595969
618606
211708
129752
169519
79726
696756
59396
846162
757179
456145
577514
237744
633606
648548
500210
604451
343299
51929
889212
370399
604845
261609
821985
648524
883377
658501
400880
697645
218054
169290
820033
859289
152295
975546
220025
924484
777924
715085
236590
410149
462738
458473
384604
803470
474987
198366
372927
21303
290119
906793
746183
59658
392966
666511
805268
684205
242722
222265
652530
475689
561328
686839
2144
349570
914440
679666
219025
45512
42623
141595
612151
571012
377346
34455
109654
646881
908172
771217
302011
230562
477308
976561
198645
941939
346977
490298
195105
402202
366790
714956
470904
756423
825834
700590
217110
272915
853760
584478
263831
274987
82486
87896
109823
894845
120406
553543
978260
245035
374828
757216
967395
452356
366894
739736
905278
311265
115483
970836
596258
326449
712115
80743
17147
718756
350203
24644
162018
844963
990556
664935
777283
241846
611718
956676
209996
610507
231899
142855
691988
886057
95458
853896
368823
511137
842694
383645
422119
652281
655140
763139
250337
725445
366412
106078
625670
579734
464518
489091
567006
369932
546422
545500
118559
49434
100614
39293
798335
265851
409853
895138
642408
332769
226123
617038
92422
989727
256845
593373
622944
904027
544433
586247
900392
311026
216352
650020
389370
252225
412752
954394
600080
693427
928035
736690
412210
283630
76018
854461
116887
77454
88204
33853
950433
887469
721131
267502
249300
445783
265840
188009
668391
855748
99716
593195
149427
787229
362324
415274
483179
165658
544057
773584
381569
631963
597143
51893
405458
193812
255457
52518
949013
664639
432735
126912
114854
962332
273257
317058
798875
566047
321116
404075
625650
410712
688204
800309
995510
990028
232374
655878
971320
555319
4924
477994
547088
723170
159639
528022
156342
27662
818202
195674
618455
276397
873623
556451
399000
485603
7271
847977
544307
792697
161147
863718
173165
760457
323943
314297
727965
533961
294300
68464
5893
831314
18887
822072
128292
106526
871684
521390
737368
765974
762987
319036
633956
327674
400861
714254
85578
224906
816516
238522
306872
366536
609509
550873
417602
940335
690162
541748
259735
974467
805676
574465
992088
786596
468776
444005
657200
144395
925740
261153
736635
669054
716782
385394
170033
573086
224615
117320
529157
80889
664454
563326
491229
547278
828053
782164
238721
371870
709389
435210
384081
372708
638147
396508
431657
587758
131781
82345
138932
867969
746397
165240
944826
40899
776609
325169
916321
626361
935835
56283
197246
364612
792679
326967
91359
355668
102169
135747
719441
456107
186304
594110
238352
32216
60823
218367
640681
943468
71884
970685
182065
482505
135255
624183
156193
324546
150494
390829
457647
93121
68579
752893
265214
592511
378846
839827
712985
214781
349155
436263
604783
589329
595622
823279
146180
563394
69978
64564
343755
91748
214897
446907
424954
4632
686837
254943
572184
42232
445167
245284
801607
2383
216884
175063
175244
340493
932403
253708
876755
312254
152811
888981
723753
276149
657722
352657
197701
610963
671607
381904
538617
912041
192483
200874
384529
412068
706451
337509
986601
183383
206098
211041
876696
217409
267214
428459
573874
646713
918304
542186
653511
894833
109555
628178
948706
91509
879183
33739
497827
200994
595176
632392
918597
898511
859891
287362
870195
223632
231959
499284
448427
671619
598361
240339
605055
335589
312748
652980
927097
242035
802180
928144
988024
133058
547723
334688
440665
903388
394433
954650
518906
486116
184235
775663
650554
538831
803125
937485
272155
968408
108697
677370
250372
825195
874085
868794
892108
428437
813148
466951
539663
753886
722903
832542
481849
449565
683552
553498
319437
484717
209378
219834
307565
769129
747639
407468
402441
252286
909266
820515
504954
681405
95485
303578
856706
901670
520879
74249
679617
77178
776748
491352
986078
919117
371015
895882
953381
295030
38224
891818
175129
864237
345331
117567
285254
839575
883413
915328
80600
757598
753106
398068
38030
866759
891620
242643
360605
255211
390378
402804
86815
530156
612457
903176
711205
61480
109464
931606
962742
263998
21561
772230
781746
767359
374257
209245
153060
411560
196274
350053
751507
857188
182234
306575
380854
384915
935834
772839
307890
701844
823865
701320
282613
55150
987305
617833
63755
383006
496916
948279
782665
184156
285225
849644
540811
160102
191203
971563
107136
100614
921827
936869
156330
161325
694374
435614
256596
400598
752630
233323
532140
905568
228541
79606
444905
76640
178461
674861
280504
373101
812372
629140
429872
66514
774310
92684
310936
494434
625117
26440
592994
661740
542894
832111
711489
173566
854067
960851
396781
106005
479506
475841
797902
206573
721994
250640
992274
517404
730076
866371
211348
681733
471996
241725
496535
715804
23462
387089
679861
685564
342658
533759
922795
130513
928317
104460
412449
122542
755427
330018
975372
490992
143370
186107
180806
744477
195824
548878
383175
456190
490131
752002
288589
907638
141741
796097
285812
602642
412572
195397
243055
38381
451817
340819
872262
360023
119020
983126
200100
771768
545312
34229
585239
963720
79824
122441
365650
252035
393672
476525
665778
245760
93384
849292
776649
146825
334754
564812
382725
796133
552394
173708
142310
450380
669258
252792
620709
82566
464673
262078
327273
348229
410643
1744
926675
828156
796568
879749
535755
761299
906437
147173
752655
530394
713003
121215
905561
982720
318796
268036
441835
504787
279878
28791
227303
828936
200257
868293
408511
658932
731791
157328
546051
242400
953502
214949
996091
469335
464453
208065
890931
607241
85826
717215
388439
546618
239835
45904
627471
987800
508331
992588
579114
329585
682162
598026
787834
771725
451214
203505
436287
85613
880134
769059
680683
682477
413624
971932
801266
228096
532045
199584
975825
315037
501142
517093
382076
37242
304879
189438
676345
292925
684562
832581
250097
225720
669696
956211
489885
726943
165183
847296
354970
2775
838361
415778
574662
28625
563413
623564
601618
275304
271454
739657
69772
351500
311259
736368
335727
826799
443425
116042
501675
247196
698073
272495
484350
542128
913844
255711
563469
319719
789509
954823
75799
515908
924998
66356
990768
951526
699147
27138
522893
206664
17297
733419
897499
308984
825799
690318
914605
874348
87386
66117
859451
689778
511530
572579
283864
885439
653292
346397
188776
807991
103495
507342
37006
931164
953039
808291
283177
506359
674233
75129
959157
479270
799624
540900
633865
332041
470278
313008
153916
10490
574100
892272
914084
341757
992790
630972
487107
675232
479843
303672
535241
798482
845749
959776
172160
140700
107563
182231
826894
731254
51446
2545
851173
343597
371621
526845
424209
239476
395599
562637
369307
640789
813762
979486
923005
726464
642136
889084
674367
722501
552439
892627
471446
641583
126041
581451
595464
423050
944014
217746
182342
10682
125753
700045
531946
685444
871152
489198
464141
676132
984904
619972
965060
158625
678332
484200
959635
669712
737815
655122
368943
513484
886121
558421
131706
756068
804884
240327
180317
137500
275337
677507
574507
428312
867319
393095
373553
63102
845755
178989
304986
207183
833548
708102
898677
931451
665503
621731
38708
473528
816269
514438
346527
790801
913798
631920
634027
444314
547100
43840
778300
435184
684698
505631
162855
87928
884396
325346
147542
302380
932347
134503
913143
59221
258169
71937
594346
572228
328704
990206
862659
192001
612554
762223
494610
572267
276519
221191
252734
605140
919961
685865
493807
618507
428069
35938
279427
808222
661000
927531
306586
592963
387983
527614
200385
845787
417995
745196
865532
413938
555900
353012
451048
349310
524051
976077
329124
163418
71865
908132
25884
212711
153978
287382
903637
11909
41351
660348
230067
592538
971456
352210
662646
444378
428481
602582
629643
419731
630833
991983
123986
431552
940253
38613
506075
345753
636233
663685
994229
174381
458993
805983
66648
139206
338664
984326
633060
174828
883292
172691
54829
559969
738756
963218
597976
507835
974227
374072
596499
296388
584138
781060
49066
937239
64074
798158
428757
454676
698270
641356
554010
260695
334137
797364
200281
92216
594230
187346
281771
162735
45991
231660
264803
304400
153104
595245
838340
965139
382905
777583
331497
161570
976478
791253
421236
467111
837774
297566
314401
997852
124151
254990
523946
10081
249735
832375
229785
815833
667354
664205
557723
239131
198041
741366
143896
705017
89673
296116
538479
903025
933109
61733
118794
15023
983963
463116
408946
937960
945873
735419
547070
732382
620705
451631
913803
881606
249847
259196
319184
282072
442965
691165
918912
277753
554040
970349
182690
803784
504894
923003
427726
202594
983967
256380
182624
178772
120593
217786
555381
884495
549091
726754
596772
14277
479834
577742
233733
502277
363378
424451
259140
236835
753203
959195
561814
57734
818447
749860
689289
41383
441750
308364
624858
687089
336281
942865
847526
21447
587120
910113
684819
437919
599487
481177
205290
416135
683417
184869
293332
397072
286115
545047
546541
974647
861662
634425
160015
904964
78690
746830
914262
98351
698913
955286
891991
249163
861783
399338
105412
851780
237704
443814
144011
952411
496914
534063
289275
918923
273680
164142
336485
895806
36187
873558
730551
51492
344948
440565
732548
432384
800083
327252
147983
17312
50778
702840
55461
149132
606153
464936
89241
93120
835049
114239
258894
669042
999922
426245
476848
416822
341610
162737
477064
671221
239508
270418
832950
465553
634382
72648
743890
452902
172279
10061
166244
278244
777441
168191
458242
917499
485538
74103
192034
172390
91862
279783
17304
271800
882208
905333
294942
307114
569319
496676
997710
538571
456109
500185
419268
264399
29299
883126
941412
686606
416989
985773
650118
223685
907984
320973
285232
134830
139669
205197
997567
432981
551877
784111
809313
257380
414449
674281
24756
862033
266435
220966
40380
861410
309361
165749
497360
77476
316182
68549
998430
47927
890931
377516
706052
877609
730568
142926
51711
681046
750760
904778
794799
492834
28880
498075
31780
539245
517188
37092
791408
292035
818207
979182
791410
193577
450820
701968
342076
586819
552262
421396
362995
653247
830447
289224
803505
168983
134576
89956
69532
253589
642723
841780
162266
480433
835226
313158
721887
751458
595921
586658
811222
632023
325495
483900
448330
146684
964770
866908
906249
268266
642997
968447
28761
858273
632060
293086
928596
950750
766699
948377
414986
30850
645807
42285
34908
232588
702958
122288
804895
494688
29451
928431
34418
791326
81345
176856
676479
742814
261981
737545
302391
429722
753332
720467
794586
67960
57474
287482
419026
766786
911990
252569
66363
526356
726371
813506
15133
483561
601112
816584
339445
785593
400876
263925
583964
151920
386105
229687
940131
91484
377679
181318
257540
574724
925204
453191
796469
323400
11564
314072
573905
775635
281175
61043
729253
96458
852938
862808
764589
149889
812719
838730
304558
747942
642556
303566
714420
48205
826109
695993
397816
865361
194204
680183
90989
175857
268767
702884
356781
450593
406743
96235
118180
413182
179918
30962
943819
668373
5381
453275
923310
101372
844910
889881
649275
963666
117738
372891
56598
52059
187320
788644
779645
881874
694731
988888
191998
222097
364084
555525
567672
415213
950916
273290
692169
794926
386629
518811
445449
901225
369477
669403
623438
295502
821732
903135
886470
367991
124110
663250
572260
533551
345950
902922
411745
256870
339105
108741
742241
785389
943208
91966
341233
979817
876706
380230
691854
993850
883920
768805
548846
320080
403270
964853
397813
339537
196430
664255
69736
86298
107750
151875
826000
998782
22091
911606
777331
293307
540866
556042
681462
45152
267204
810688
825836
543749
268942
376171
587760
788036
466578
385326
627207
202740
561304
802112
883844
108064
792882
914273
442636
154279
723530
286678
956438
333237
741984
282268
28608
306141
792661
375557
881452
320717
280919
998484
504511
630733
773386
678179
255368
410366
399888
610281
704651
239144
240338
188419
296942
898991
414984
405395
931105
664339
96881
857460
662160
635662
939521
397535
459592
512904
990236
252251
451683
611596
977012
451777
332535
846012
451570
221419
528914
638437
882246
678352
982424
813939
445396
344176
919511
352442
648649
303010
644496
707138
532216
992762
620956
929476
202215
191314
252363
502292
239041
539806
4109
642266
760238
257079
472979
199412
788070
136146
932124
118940
108325
300177
50465
775307
736177
542630
370078
397689
187015
878099
247401
884115
882754
523842
843156
334537
985036
180385
551167
539957
513791
982552
627283
990882
250157
749083
940692
625380
51729
273780
905379
960884
742063
641308
604802
214291
5208
970894
762869
770441
108853
805198
686498
254599
438943
783223
218721
374463
821661
470920
415784
867848
964157
29937
489522
411194
277708
434879
502092
215747
498958
749554
766595
268985
579225
888914
127032
984775
360823
931077
587819
249951
97876
75541
912802
23296
976514
910334
10666
202396
331939
642016
579850
271623
256706
925230
629168
593346
320609
324439
268532
59413
30054
801195
418312
778806
631103
122052
536441
829095
956097
649537
33007
713589
397802
1472
560338
255156
548358
894050
476230
483830
592048
124037
971718
683191
916667
91366
246088
595114
921187
921469
511330
717359
976745
593172
139398
880353
596616
703458
850516
356010
430610
904487
394054
115390
933230
658605
197920
760774
114278
516935
890458
726938
888363
380023
189272
845427
822778
822111
615579
409621
604018
523055
960775
28691
70930
759315
224585
964732
709231
354922
910405
353449
125618
153936
909887
73939
646791
576403
665017
354504
331653
430927
841095
541786
536656
171702
560728
810359
453055
695148
515035
263736
910430
587919
779551
441716
841900
167279
914242
361239
726094
370593
397375
458159
944527
662503
728881
518882
355617
483436
608215
103091
38624
891757
57311
27163
463631
974625
753977
229286
51004
806399
763387
744009
236111
663542
359190
571087
492710
442289
420062
295284
970784
790793
356102
407316
734617
179470
773290
522028
666500
786828
457227
893313
179635
988533
902478
419974
280524
625151
353337
578677
573828
911241
115928
595973
382721
837050
257724
701868
224506
529798
671165
779652
334162
908173
116324
212675
910423
115964
431234
601597
687938
82882
801664
566607
416924
588542
109434
176872
986425
941590
339480
169432
468184
968469
872160
75097
303130
360038
46992
793922
263781
633469
683660
576712
248422
680697
416868
269331
78458
314869
131477
531349
605057
138745
358352
748492
877025
649054
228792
534315
696580
401884
308020
573212
801795
121826
480131
356772
205588
274714
352074
88342
803377
601981
731586
186253
536032
492381
429705
572792
620530
331774
141164
863586
64018
747365
54811
526970
374816
321571
341300
214314
632366
245603
770581
825451
760513
389360
80931
485798
655946
244381
897573
653446
526021
680870
966977
285123
344866
292261
490147
699280
48301
257329
76218
967084
182390
641329
879660
626812
896240
215157
642336
122096
865394
612992
145960
981576
499719
928732
236191
878912
577391
454928
6781
373261
254206
833354
365157
450252
53248
104837
915655
965175
400312
59130
363053
451050
621949
372587
396304
461036
494959
340174
818395
413926
113519
292673
107002
400331
844208
212382
663280
280535
152806
648034
756709
985687
399423
934581
380935
248648
565557
767901
363876
329088
868279
576906
178301
997680
409135
984493
464186
22880
276048
384159
757523
516026
863631
460332
467247
481874
869381
741248
237093
48714
703140
282824
410612
843764
661439
171225
261610
286850
585044
462448
708873
947168
188783
159299
738716
853914
862396
258364
799553
370974
500818
207449
801553
422769
783278
966078
44311
551096
544993
125775
587728
951159
6687
340077
994739
243344
299562
133103
900856
465908
449764
943502
751179
471252
811268
538542
460636
929421
991186
219585
42761
10839
504718
665032
469324
73090
302514
905576
62539
589058
845251
814925
930365
976257
644020
753571
283878
884965
31553
521799
379882
461807
498079
842737
364356
324256
983474
622489
700925
576211
805290
733049
417779
133274
773499
621122
459051
362142
940877
642380
815044
750368
640212
816169
726029
406430
76079
32787
410716
149634
997704
978883
505837
778739
492878
149654
635110
335535
82539
193638
310702
501285
246730
200127
599981
545701
613619
488008
287168
130686
696690
279081
933187
635296
252702
262315
38276
474768
340864
720430
366318
972345
617433
467684
939301
949530
839129
214166
287040
999650
232151
861822
430983
609156
694576
988526
386956
85228
679030
72500
977744
611247
11529
729620
484625
697709
88718
245032
660310
45052
810743
103297
787283
462402
951839
233157
196147
575043
475177
983773
670593
684228
472527
997042
549561
955517
756324
565573
178850
421850
479506
496747
951378
562784
666959
283884
892051
130025
763682
512267
9282
853970
268489
235620
284666
36852
593776
174393
333038
870192
262494
547675
177249
740350
183037
290716
798070
51588
88347
88435
516041
490852
424012
320905
736215
727799
385768
336282
653754
330412
633094
46842
539309
592412
609063
145427
561386
270321
652536
374301
811830
827448
145766
460675
338275
92396
765561
790099
440609
983334
882411
315221
772962
653121
139863
685469
328
409120
701956
575442
770076
595829
973377
3923
106878
700551
747164
358170
414568
804271
564847
109153
303467
478210
7468
366003
570952
591000
75691
732059
710450
171324
611149
140374
863610
517938
317227
721712
383464
72715
707306
333051
545476
71369
231529
234925
516255
875414
595584
117479
61053
225205
223718
700216
735532
171877
825444
531076
135675
896522
979011
694675
143374
333412
810872
504759
179915
41520
427741
548864
613407
860375
758276
442879
357628
168061
797445
982971
44755
618819
995334
654644
787708
501612
747105
96797
284047
794597
68950
910653
747519
422812
556455
825436
523744
460987
22774
877924
471905
47747
594973
817853
975033
782882
180522
468948
420570
988221
61881
769119
639888
245126
431849
779565
305703
786937
516110
718111
427145
21656
432183
991472
143598
756072
638090
367930
296117
178577
337203
42074
302681
230731
397083
263388
730658
554551
368716
878150
37693
648612
848485
146596
137643
556612
996458
485443
65067
566584
349618
369360
785106
940810
124612
407108
767384
66422
967239
229921
675129
331232
837187
471822
766709
71428
632816
44412
918683
482104
159046
747146
283150
676456
467092
912795
900687
167221
214856
67862
559421
329267
554844
407180
531203
296270
964090
85626
858031
608003
104565
345520
258177
887454
247689
6174
163820
662765
627939
705687
60362
343262
994266
380547
280345
437508
457050
636563
567404
340606
833106
520145
67756
410639
603987
1467
306221
954197
473560
130955
780654
831953
573946
587071
599919
133372
699955
990848
558986
184920
737764
911356
445064
252367
613437
91905
211075
59655
402297
168174
544864
700554
239346
83237
898885
693369
242457
850400
168390
7390
967815
939780
970815
806327
276314
875330
627189
635165
812290
807
862114
592531
633441
659254
794061
383640
769608
582040
542311
803494
706695
328960
387480
652850
179548
365784
128390
752590
963826
23649
400544
231281
457714
950325
715407
668754
848442
488497
914221
857813
107542
204774
123874
401766
646233
421105
904363
718995
110779
75811
717605
913781
630295
798009
955825
412928
543904
226007
63147
162047
306531
658931
542226
499588
25084
708260
679613
402054
290744
812486
749688
495097
765512
608501
915292
229944
352384
432810
352920
891848
150611
103290
396941
31915
379356
920397
276147
903195
671959
456402
28957
487283
146013
250874
453610
544723
299356
91961
113211
143126
880552
346049
884549
812038
821683
112423
536550
332599
868680
602874
36741
425164
319944
21728
64357
512419
503458
690195
825342
627513
583819
80030
606423
655882
534675
689614
459399
59633
86286
319608
199958
561666
566064
122794
109255
876890
168896
455932
981527
372437
517720
170877
84405
927859
129395
745873
521442
491238
691604
556328
358561
285602
482810
50567
71993
976095
944372
884352
396684
265138
924283
775346
488843
891097
332236
965396
271132
331504
764566
479445
951334
167405
250828
597871
390065
435776
161134
820482
720025
999573
948702
641697
147541
963956
826222
821600
999088
366645
477692
241689
942844
413307
888082
582197
331119
107906
256173
904498
490572
220081
658180
71200
765996
431384
580658
343512
244268
494168
11070
636338
150025
45644
562019
887372
664225
781555
422798
588137
421761
562621
943129
847473
108043
114598
682760
170
238015
709056
478269
696985
706754
529131
220098
527471
894887
491271
299571
169003
41490
812565
437107
117543
604209
174701
604399
694473
549760
362508
726844
157615
183111
259062
13948
695441
949407
272633
820099
842608
383140
537978
699856
529768
864331
792045
195396
383250
793347
826632
549362
928670
930261
899884
941510
690829
591784
20044
596931
126634
814715
942548
267540
39854
946176
35034
434398
872546
176715
751531
804733
840063
746250
125555
142435
210969
310531
86178
116016
567849
357042
620321
870762
614957
383377
791525
990746
477748
873701
87551
388548
667056
593038
738659
431912
550210
377301
445461
76084
888284
37281
634948
710047
563082
541648
248319
878842
398537
336930
496334
237696
652748
827075
563028
706804
702078
646900
753438
488792
830180
337435
474226
288999
449101
329392
512616
395369
742584
778163
587248
772240
732246
159870
861234
735320
444679
195473
604078
962417
241170
652813
926978
385133
680031
99410
357560
247739
487451
700284
39431
835489
789418
827342
961841
367334
308536
202750
111160
51805
526760
621664
300938
54580
617484
961284
875525
310025
916330
48450
802372
76187
921217
235791
935011
332633
352204
820740
649302
519172
372454
132784
697045
956970
253349
735478
514072
53263
494663
405888
844156
875228
320860
781729
526752
183890
586181
717411
676642
103363
789311
58468
497463
937166
407919
258277
400496
695831
452511
773763
611509
37740
931585
172003
521514
66141
223803
892483
170986
303818
137077
70437
893486
120790
703287
281678
498898
665393
765386
230695
173231
673975
838440
694670
532288
605817
579986
616976
189436
244533
483861
271581
756915
274841
167721
857071
314595
53916
625767
551776
837656
807246
871137
929831
176108
423751
766150
662116
943300
653315
167489
403863
485406
865504
461690
3688
48276
974032
247287
334845
842515
938919
944754
970575
229453
126881
4996
812789
101995
770112
378663
385711
372175
510174
947050
930727
600503
480369
985699
476669
407258
215427
259853
33466
29007
172509
912953
183704
121935
905358
871424
548415
585994
628439
615743
242378
575662
659090
414736
777915
671134
180038
24388
719617
292889
291845
389264
675390
322184
475790
901809
47872
667457
960991
344362
558465
294857
696054
864883
119360
395725
611422
413914
878298
559956
865957
22739
812541
162662
413451
523731
499685
257622
831921
525023
968838
88612
391348
541762
645061
384463
69016
242846
748078
473829
521201
849787
394064
806243
589898
20144
193074
843944
804113
874415
991178
174846
64468
766823
655558
714079
632698
481178
637959
195749
81143
399903
248895
992359
8184
423425
425656
635487
51161
904652
104165
598421
281493
944603
584961
508905
488101
47689
397266
825814
702453
737432
956688
410433
382574
273595
94206
194185
358886
666476
529289
981107
607218
936353
875301
411658
299448
234648
157013
647638
543937
937530
800527
498512
184329
230979
153046
83636
429946
434715
411530
21787
169360
230529
451017
935204
197698
573900
673306
780797
389580
999432
791577
57747
594146
529453
274276
933838
322811
935968
486152
693963
953473
447566
49047
951606
221391
306961
825709
10449
309182
754635
854408
25179
336130
72709
782475
243479
266817
478826
751255
708850
26717
661699
708423
380750
110146
991365
745876
922617
545519
558646
601433
363218
242014
413413
101913
231125
348331
447706
784799
197657
963261
252112
862266
824907
274612
163936
753874
528518
290191
950950
573962
790117
605536
599546
129025
59967
837969
534739
851420
512164
463167
648919
949538
595430
698620
307254
984805
10360
903807
986730
244502
489607
751560
153275
333588
900034
279670
186091
363474
89610
109177
850395
882176
932696
401471
907448
162717
863079
519921
761533
648527
502459
753297
753735
943263
86332
208274
735513
110574
427121
792621
864142
37234
54512
346969
208077
5901
500068
593850
481300
369680
39554
218572
310466
488191
857660
294833
672307
655828
24011
887589
621761
141512
727110
862948
511911
824506
848157
369477
893030
160385
540486
270765
101891
379587
588810
147238
237080
125352
384435
582424
401284
637613
560382
145203
679887
293982
730225
62573
588196
129423
995539
937309
745036
738797
890827
131879
155303
566683
405053
652900
372146
727031
140972
897741
535524
986296
148316
440801
498345
178360
251991
300817
524836
816965
997518
703752
659263
528732
866552
546383
587513
519720
700843
445898
703295
267392
129075
694723
472035
939281
672817
835871
183956
975030
133863
692827
245520
732325
862888
672647
728993
768480
406005
565442
971817
886145
342227
203677
702754
15182
705318
838655
95558
577672
387078
61066
288431
288758
225915
64483
435415
85954
795679
850083
451001
737253
270295
58963
362945
916939
303384
379253
82311
502038
53399
329284
421314
124293
137388
367391
370268
518734
460162
340357
670444
667802
465297
270548
101072
819342
465078
497704
620656
418666
354494
295647
173708
328698
576377
888306
874014
855869
791785
244615
376248
125511
874618
594384
920327
625048
232518
860071
990213
980242
563417
792807
593694
837388
755161
665855
443145
879516
398741
86124
293180
260069
836528
835972
516234
183135
390326
427114
892149
204346
736001
836572
352054
978755
535753
423144
995930
884185
650742
476021
6853
597421
480417
736695
610822
12362
392535
738260
705721
559022
767306
960333
288039
538249
678205
474864
16038
335799
554336
728819
516589
206622
439178
110174
907543
843365
949339
308801
172541
366957
225573
688629
302106
998024
672861
929347
79143
653268
633424
451308
75520
344859
654562
141750
496075
748680
85091
237784
598266
684013
161905
155266
31952
719972
755230
961212
237143
869143
171783
212617
722145
485383
160820
465619
125107
254541
220778
480476
943366
113660
742555
632540
441784
804699
921790
207701
543265
458843
620448
319961
388132
757867
373587
843508
621190
35592
232992
914524
648251
642800
448144
960845
591735
997897
444788
273498
91684
255761
998149
892872
869584
772471
296100
458458
155124
834501
404739
924194
886703
824999
756113
229640
615272
721224
538349
400797
357254
455964
424929
699854
346764
181400
838479
970232
42
486867
155442
345171
116094
357085
976755
199033
105922
443307
605221
4915
412571
596137
436108
184094
865709
543909
66651
59104
386121
934873
148148
85011
151925
286835
488957
70199
724061
730941
480074
879892
475074
140552
458162
243034
440609
357636
198415
113993
179435
13841
223860
636982
384152
440474
236478
198120
978110
28675
398139
596338
209230
828446
302521
918683
419153
985332
713510
817435
551625
176176
990877
155851
737612
171605
384319
481350
172686
485496
315719
24469
769603
300846
739833
970072
515029
155546
862575
587634
735400
63989
532418
616077
902871
928615
731848
199706
759603
888761
312476
712051
208991
444467
327838
933287
896804
617546
792064
978782
830167
546826
748999
268587
284552
667168
741957
773576
220454
286758
388610
406606
14035
391019
765570
147429
65724
145976
136765
168806
642953
224451
135719
426644
990798
952801
974726
186480
919487
261763
555273
851806
131829
220934
161840
808164
352043
54295
736407
637443
806912
900990
612206
711345
522931
811288
402084
418553
124699
632823
106413
817342
730698
529406
511815
736119
410856
586346
827450
382213
772646
660674
436238
840913
604495
950427
857631
197771
961071
296796
982451
145609
530902
507188
40457
395153
122751
188180
348736
757531
139724
628373
903496
985213
172511
573890
528802
996149
201463
975084
164922
440694
767575
460238
639287
533450
572007
113712
620827
690561
385072
116048
550919
420868
698151
252948
890472
743196
125065
274376
585270
467547
325488
636184
388186
605616
800619
258855
606993
257347
835373
868960
940180
239233
622396
159475
679417
331820
687810
892654
738105
156298
227383
52029
961687
928962
865297
277474
488455
986174
26374
761638
135817
136441
447903
431678
885094
87895
116157
534107
601126
994610
688409
64909
401535
171257
737352
955629
104149
697870
971295
541074
667606
696651
63589
245035
438098
999954
938936
493744
606737
481604
332380
896061
556672
682170
255070
868907
897637
703638
131126
845259
871610
66990
470256
503653
182845
783802
86065
874563
866773
505501
56734
927587
332310
802087
523775
169833
61531
4894
496771
53148
847390
12228
71354
10570
826261
188887
380877
341566
280305
155240
132138
474403
739397
413519
348745
465173
391097
508176
292359
503079
214041
856231
342657
364228
881812
826587
134964
887240
394938
552159
378185
660385
686110
400087
92175
680955
561988
419685
259357
813387
488307
110800
567331
296102
742418
672340
592922
586859
614418
107340
895742
233142
909710
138643
860442
848965
581988
258357
975874
437842
697741
721908
43389
386862
314864
653731
143382
439416
235464
668314
794270
733784
664102
2472
268408
934025
63620
264271
31320
30267
63191
231108
545587
925384
603084
442860
82357
121033
494765
758580
689551
616902
459732
853005
574766
545803
983798
195608
41794
313514
884077
536505
431114
201853
177676
777879
20266
232579
882769
59489
800766
322936
369821
38125
858735
623129
328786
363740
489028
537368
562037
241129
247066
781520
253468
458681
237635
814757
716289
122605
529488
384576
794891
947817
269823
821000
21366
267342
254887
383203
759422
249131
97398
518603
732520
260723
24868
587637
328625
223666
192491
317583
850477
807597
431441
213050
120184
139967
262825
799309
877483
941097
595868
20322
684513
441635
899334
298064
381415
751100
650307
357587
952845
232896
598227
840738
6463
634344
660289
10624
406929
740322
505797
671991
132693
7927
108007
533197
758589
312792
875913
752134
592961
123516
456162
53338
428258
735739
970752
216841
556853
950067
286919
733589
522540
361115
243570
595183
499890
855076
275058
457999
495022
277067
63751
344306
505958
713449
89509
308713
119820
881115
202008
415786
394273
919629
919957
328130
713528
246838
708200
173189
927045
266739
565695
220016
44557
640973
68562
399610
260161
860699
189428
400839
649048
272983
727478
988050
913686
138362
503390
662625
77465
274331
109845
669787
445380
189711
577106
326459
130636
16011
662027
688031
967214
309572
778385
402412
225950
109877
231227
814035
850668
639481
264616
38370
638774
980797
905031
638451
530
696061
115308
381981
355405
870269
374358
597609
407481
563678
156617
636188
86211
99307
934222
344449
721461
858283
544198
267925
743605
666300
859148
551260
949908
363652
403928
200761
764971
541465
335119
93686
734066
29101
325310
357416
121328
629857
940866
456040
363658
190702
150835
467694
625323
145188
262493
235293
877255
521506
93577
879542
140292
421969
838930
652258
148427
60321
40215
326933
68431
771253
673871
387897
214378
547622
738522
591537
412418
436574
598103
843263
173240
972857
29484
256690
928111
304099
25352
995240
526562
502737
853475
792985
969328
911268
584336
747377
148244
761614
865828
778601
608796
792947
678593
660957
888287
164801
340654
628570
690907
658357
717686
152579
168009
225946
128102
940194
86980
113729
835981
864727
80725
577349
748101
94410
725713
210528
764779
276772
934120
771129
166293
924511
578437
442742
693775
959120
952393
817695
27867
300380
683725
317459
302812
721167
525809
631128
458682
34771
447369
782959
103027
657738
118467
517432
831477
15596
389171
608429
128614
310242
398577
806401
931875
758922
722460
781658
45466
601120
774772
313863
904806
588236
154162
800062
136543
158784
402550
284160
748325
473160
933029
489992
72287
644608
293463
879074
438659
997357
52592
957560
460438
299475
786679
667410
183568
726566
107357
238942
65065
775485
671393
737877
533070
729824
47213
718118
255642
204698
614112
62799
34805
81037
781902
447109
824462
988850
25630
872746
935368
952373
59377
302602
92868
590027
979372
274391
341426
983230
237665
797123
252544
882803
742396
673867
392161
226794
942645
453547
129212
148771
776988
50513
219794
377338
993262
567985
867320
297858
560367
776070
297960
507511
121862
437344
380556
789491
882670
272595
489486
755060
133877
989046
816001
749884
6846
181566
222919
370594
658199
854869
105432
708750
724546
730684
22645
501656
122122
675507
232984
4588
817935
208007
923344
258313
918588
332870
57639
576887
612727
963330
136106
90439
405782
393449
513927
400826
600014
389264
832810
580419
585620
713187
350683
914371
661153
296853
134423
437994
215002
92104
812140
289155
65514
626324
133431
676510
213907
186888
602004
650697
364392
107747
116823
761167
466172
11846
898691
918657
81451
889288
575074
268120
208601
410280
677040
641476
410948
591669
979429
149059
566087
237724
904894
324395
367765
964803
527317
636857
489533
790574
947556
899498
204973
525004
343881
106042
558450
878507
17936
547033
688417
264041
142963
381370
429176
707387
320929
952386
562027
505719
375521
815160
503332
587548
287830
969753
333207
482007
277897
439722
134764
803493
39791
314455
562726
612735
887149
508547
44663
967734
879405
995757
856861
557034
205100
71004
408036
747153
66867
293936
653262
122411
646216
879953
230089
24611
73882
142274
184071
513266
17860
568797
999495
134524
201492
999802
741400
611546
995076
835591
216908
854830
282712
535672
719395
686363
701868
532226
929921
101608
334291
12912
304966
185665
619219
331684
833728
694700
928768
680258
46086
226882
165390
417864
261465
218703
592111
753764
897475
646780
971789
88712
559387
72131
961870
562164
361083
362417
711228
813623
407795
820338
490741
155170
601488
538054
827439
181409
213429
74574
467053
575362
227113
662011
756102
238384
972909
185681
567882
965781
893619
152407
717444
756589
299405
167822
466156
623264
321551
435842
901814
110370
1653
738353
710545
373322
467138
914027
824236
633804
14946
582939
443037
487149
143044
916997
575791
822858
536467
776722
868618
251355
814000
633418
958794
64599
168344
960862
890334
531905
708675
342931
547573
857066
968607
878210
529431
747292
528758
76344
998433
124715
954671
402594
787065
905737
266146
385361
677814
532488
82669
277815
879384
459872
268827
292844
868660
761637
7053
688546
635034
523170
132891
904755
137
843061
168328
878374
668785
187075
405499
294585
12442
59594
444318
175746
94967
518523
615449
758077
396580
72534
930353
928818
37764
96727
530754
615479
924188
476021
102311
813968
460377
827090
540041
803317
596406
497820
72864
718253
173225
837544
807454
455683
527929
424406
720009
766913
594285
545635
732341
172271
165137
919110
743194
965030
253895
453572
393076
230159
914099
107279
958228
393196
214682
349797
320293
711085
291994
987727
978100
157155
218442
503859
528633
269977
168942
785239
776917
534449
586338
361208
3629
690804
955686
733899
556379
103595
693349
21225
163301
376048
531958
990937
416024
227668
954904
332721
560210
223655
562628
290010
997026
258456
424910
334784
498360
370490
87006
142093
875273
470263
853055
270772
633209
241237
341146
102924
227853
941141
971458
739298
734522
686496
283432
796197
310584
845519
589948
643219
797504
775118
852431
304445
246126
705856
981111
50053
340842
799599
640182
946871
258483
99468
844533
92500
758134
343281
760309
532682
56063
309927
11464
585189
896516
82892
465307
14973
438349
902394
175489
374649
273689
289153
31076
977980
675574
554549
666945
649034
812747
430488
675058
895630
814935
461505
652525
648002
773815
770310
461475
913346
974882
137125
309897
616218
999159
634822
575678
621953
725612
405282
11271
266695
911337
395992
381993
167725
161543
167909
698224
784873
18378
430674
78675
854402
635975
654148
719259
13956
847961
957074
261685
632803
417757
89962
74399
676470
438560
639043
540237
826949
298365
314016
59311
732948
48759
42489
763985
376249
261658
721856
928052
826338
279906
442912
391413
233140
831392
63174
637478
569664
652628
58399
797101
241033
680226
694461
775961
748726
733262
966573
509988
338007
769420
916201
1315
101662
659071
176344
807949
840277
213635
245739
103196
245658
206070
437892
105055
116573
657073
661079
356681
186247
66442
336856
365525
494848
493653
543423
534525
469545
728405
382236
638373
503272
162067
85120
439935
643470
726477
201577
861412
873318
575804
798242
588687
785543
563345
46305
835843
299026
318701
817176
532989
593797
40603
746911
864382
755596
369062
605049
419877
494514
161562
683998
63784
390060
582117
122977
889958
23176
682509
361809
440353
619225
752010
280566
657132
851852
141962
404350
10303
505937
741230
769394
349882
448758
388742
427763
169101
963473
173688
566990
194103
702600
755462
130870
564637
122579
233054
10852
446830
821391
540439
194402
320477
295203
401154
876170
980033
495818
36867
34629
79729
457111
894343
290574
11947
692794
882866
610233
691233
773457
948072
718975
998315
525378
765427
891245
356401
843681
636365
569107
642470
417676
417316
951675
817875
986298
552484
277972
203666
562394
841561
71168
493236
956930
398303
857562
328911
887246
405272
140012
49371
626305
780705
177975
1524
837585
635041
369593
39851
827922
169598
120159
150187
265839
453394
203332
596409
47907
931629
726328
646074
74891
648693
786715
324071
624012
418259
382301
837782
921527
236572
387844
383604
963133
128745
977747
698050
764749
786907
325106
788390
680454
523476
555088
591095
939160
661873
854070
290604
308133
184392
25185
322954
869977
35785
857046
658939
187413
568391
743363
638340
595141
590556
586491
254192
791692
739822
448811
468551
87683
2564
993202
463231
997558
178187
497574
126942
513110
832317
741635
900225
47930
400061
118415
177917
716690
574633
241804
639175
668687
173358
707937
199722
29757
711589
144789
154685
482807
69318
965117
237272
215700
938918
320066
782144
128678
423606
370270
387211
301648
22584
974009
613381
174508
835090
934287
589740
652406
758538
422895
939913
952361
786405
127041
127132
770171
271922
217961
418331
233218
486313
714143
987634
400024
818213
630665
951792
167372
871777
872009
31012
743071
888825
290911
448044
598774
679304
439871
938658
211710
57769
959043
707206
757005
427321
224612
40213
111567
633502
611293
439236
322288
362145
435282
173115
524928
95408
236437
3370
514679
955230
210377
29075
446919
214003
256587
22914
815244
998398
348455
391758
188716
17629
274844
405520
195101
463638
362619
407823
719242
358060
98855
3663
923877
922285
449650
327369
536746
69052
889097
74845
192478
4935
39508
124365
272610
64800
396085
596431
19318
133031
360871
529098
421256
667326
234420
503144
477145
713453
705441
195359
808647
112922
837313
801749
630278
357014
269839
195651
148640
164980
216352
276726
420500
437156
903333
32263
838896
283245
638871
780911
14067
840036
288033
946928
320771
754594
616290
957065
397226
733072
904805
383497
459504
979932
194212
35930
895247
289603
866452
367965
853958
770659
84357
464268
108270
762717
724148
455379
869576
666935
437044
952128
883089
212414
937418
518955
501975
857379
91946
758250
528803
101467
259215
369605
584013
568
615395
981219
237034
382034
45153
915940
634590
424445
567287
578816
151326
992839
360576
29677
531782
439211
667244
341305
282113
126923
904116
443007
758366
358687
259164
801688
878758
160039
339509
511335
749814
387641
395560
701905
400122
749512
887401
407544
637009
945829
527015
909222
961913
964397
35413
672023
219925
672884
623217
125189
992756
570339
35765
763125
864410
468407
856567
858577
269812
304040
884046
225472
399835
403936
869423
647373
981661
860508
137139
102103
22707
664843
983363
174356
860375
704572
380257
58304
109474
686793
187636
313882
517251
984631
43162
378086
359165
30228
49707
929342
691492
114731
728377
548694
113066
873307
286475
245222
448871
496874
290448
83091
380856
833331
244534
714541
233167
950643
595695
278537
527630
238159
906975
599358
860297
298492
514742
686648
434235
881043
938266
396165
649941
168121
961364
538602
931340
566269
960948
774295
514369
858934
960829
560436
183255
720442
545345
309206
751543
913544
510056
924238
954481
450399
623848
605772
839259
254516
662462
235647
410704
403994
680309
677421
525079
989969
676373
468692
670960
903364
23937
661953
65204
648953
973399
850862
182848
855335
670370
766073
130958
205151
268707
354376
563252
833849
53309
792850
616935
420036
482926
896136
242329
669833
235887
988763
433962
833383
159536
586012
96445
631275
447229
154
826643
647785
629497
611471
276905
650189
486382
436746
161960
868628
858672
404140
147171
557249
864536
947643
270707
159808
334052
342297
547259
515590
86703
385614
584279
947594
289581
949978
610874
275205
586650
9852
845751
857569
648763
848448
262632
119958
872118
800534
648202
870062
228086
676398
119078
354436
826798
109026
703690
302293
201589
223361
753859
400529
217322
239027
55623
667694
646736
807507
2033
329751
568716
835554
181099
954451
308307
980917
952649
771992
149968
686048
744343
326584
791417
861613
916005
207442
92392
888244
839683
622983
480284
312059
877736
802978
440501
373329
426303
367949
935024
96642
380929
478498
752472
573905
678469
163564
50628
466484
853993
744169
886429
821457
429773
646941
664241
280749
203945
861385
110993
375388
463130
392119
521595
898357
138343
303189
786060
530667
97208
751516
342073
130921
8869
987178
377665
385431
636028
44876
79788
533634
613732
119703
425619
972311
691408
541337
659586
233603
601971
14578
493975
902155
218058
403279
368256
280115
703798
309874
922415
935400
135560
316809
426144
92475
720747
130885
672217
488957
678488
161513
449239
921495
899846
630567
204099
112783
10775
149463
643601
120336
252370
270264
576848
333997
95382
931590
722077
125382
57223
103269
385547
411530
857677
459589
11939
885414
442019
37273
877832
770748
750055
2884
201570
750711
754359
433834
957808
411330
515869
384136
346472
348494
572073
894852
978110
940463
687152
84066
10435
738033
118870
326027
109154
923196
969072
680351
919579
664576
506461
919633
579603
545635
204030
486256
794795
67464
165990
642307
853915
555178
318288
612175
653284
443408
88705
150743
143950
839740
716969
376155
645994
194713
219742
265657
190878
876438
430591
859572
289565
852230
785077
595808
739888
773897
137845
146486
356952
596053
563284
154817
198581
733193
72914
351964
257880
780380
293974
66016
793410
337945
219977
396626
626768
125581
745935
32877
6557
154387
85841
331340
391675
30101
185960
191734
822825
254048
821395
139785
589614
67854
902126
228320
675993
977859
4724
716010
539091
378560
458979
259305
906199
963419
707537
201958
328166
808365
903749
974227
983961
155878
918629
233546
835960
930563
938238
93127
253860
805199
72989
710767
482678
24217
506992
688726
151826
15455
276360
296329
678795
34474
214635
308252
979500
563877
67608
262513
574042
568818
663231
527508
884553
563153
74771
264455
153185
945099
453221
921228
376407
932212
88270
285588
228348
817836
823713
201390
240334
31368
766036
700668
24151
315630
187610
881318
811412
444944
130057
157749
471543
369760
936358
349086
187844
296266
544579
505472
704473
57447
705999
790707
516872
628475
966516
135201
972632
263619
221988
354558
959824
578710
882602
623837
165839
538709
224853
979996
623593
906303
938434
303153
690811
507840
497334
679709
183298
882784
996046
249738
416287
402090
536768
402893
685976
110641
510421
900591
244405
675411
838059
132580
214917
333218
30214
42791
386120
948219
908926
640773
530553
800021
652326
82290
990045
817137
985861
409695
112735
374361
764493
430336
73188
697993
553197
637994
445459
27256
570499
631153
477262
34557
5300
82785
482225
534599
202758
4223
313256
364720
602120
190075
227843
333515
680141
255645
446364
561691
411682
225631
7075
758302
394602
813220
128637
44929
461248
396139
647529
699293
542960
424086
390377
768304
169193
275439
607358
963396
500293
650617
995251
604520
494660
851221
814589
115238
389122
271004
884547
524247
991602
22913
993629
856561
236886
51912
870313
599997
215687
759518
306877
760707
657056
222661
845015
198140
887977
240443
324677
890439
71700
513006
874930
313400
576134
706687
231763
638256
780791
316624
37586
212906
490207
132049
466839
287656
554982
196365
138792
567511
804321
990895
742487
181419
43191
758470
496040
206093
344912
163706
590829
365738
547520
811886
179578
230387
208105
158740
892856
130224
908871
365494
203054
142850
678744
58396
154623
74373
503194
224705
435810
756360
491460
714306
609958
614686
565894
471509
880072
523547
830032
43665
819564
325183
726671
469043
155331
752468
887778
537635
461088
483856
488268
992426
95461
932637
891270
316504
78436
108927
98846
14690
238176
205698
88928
634480
497316
421758
149209
783775
50888
130812
792812
411006
273403
751639
715699
685884
484700
203776
213680
218026
620346
204991
265350
700689
507991
511705
621560
297105
935367
231506
530966
827334
986197
60741
722035
408127
532043
249745
487768
166056
310047
804650
360081
340919
342129
826644
766032
240114
11787
74422
765733
455915
679452
478156
448333
960841
524722
468951
121021
428553
128924
291254
662816
946241
827383
69721
818436
389626
239173
649319
450276
579509
761897
381389
819426
687613
442342
36137
840927
83493
208770
839480
795584
460673
93560
512025
707068
164668
171808
218657
348342
252470
348628
907912
30441
554993
536748
767649
58420
296922
939635
920263
494781
201664
412528
182394
497404
720272
892161
586656
786350
569020
618498
498891
813571
697039
192015
239241
979428
270914
533456
212503
230035
126001
721878
434787
985668
291306
981950
79410
431038
710309
458740
600050
699978
898453
270
132301
498394
240741
503891
417297
437935
32306
480486
999442
675437
783268
395313
836545
424178
529541
521610
305684
12742
257415
969040
400439
159729
268057
661929
197077
876411
928480
815781
952987
258882
13582
730593
163530
400480
999891
909450
243681
63281
373137
520489
783614
955710
152771
371379
339417
689240
917907
869237
271965
802876
794145
258264
648767
657870
857414
481899
753649
185130
940985
44175
841448
814200
888239
788594
337028
570239
166463
250486
604860
318651
361326
939793
465013
759646
992611
468071
145223
124376
355647
240702
908056
558781
674642
76606
434199
557016
173777
807045
122226
245285
522674
315272
594874
116856
24625
104985
865531
979967
893580
340775
603211
265526
128809
10182
748704
814754
610497
566867
342056
636067
393496
135084
644064
66211
943636
175691
265861
614058
146165
994095
485460
748576
811179
603346
679094
860071
450080
772912
146032
198771
715077
958569
553056
376904
324936
844596
972030
83568
845381
807475
914828
337801
3965
562807
199342
928029
85784
529981
916842
384853
831909
81931
77486
484931
648937
765100
130501
785457
204639
312701
189834
820244
992923
847560
515924
829984
183428
25051
800935
726497
925984
421942
863304
874484
223106
547893
831334
495669
509147
624614
575246
487823
143487
857449
105776
843056
593058
338793
940180
841379
292407
196105
30815
161460
537833
988375
497907
33954
592821
168093
429548
115640
108388
306952
72345
150985
172158
458791
15617
908077
359798
698426
518425
141668
491830
290884
860551
818410
485947
824083
47035
177741
907011
892426
171311
91962
647319
28397
80924
587626
101575
269799
410095
20450
680092
148273
467059
153892
756627
395849
597146
591294
771132
703880
382995
358899
868521
566798
75009
369644
94183
559942
74302
468313
339709
923946
60057
32074
981323
806298
497898
296838
100877
566899
844031
706174
697915
695709
329564
82200
729196
807012
967086
587616
433713
508072
507474
34034
197551
637602
726946
620861
492134
341279
383972
969737
713319
898443
201319
535407
320591
339758
227407
772011
368689
79481
99368
990093
184250
175930
94835
305150
129946
346185
277772
424071
499389
541760
812080
118330
449078
708800
36094
59868
42986
950424
668281
592030
655323
318739
426898
849694
734468
426798
334588
387641
844673
40644
561837
97944
824974
643113
265434
467134
618521
563000
943796
779850
60846
993364
344002
864803
337652
429852
417400
517707
840857
853504
437364
83741
203878
323055
393702
708729
276663
966202
974838
66725
598361
241726
794723
117364
95554
68254
608196
295679
141461
398035
593118
361285
523457
395977
154054
546658
359177
998135
863978
964691
511736
927165
999533
32232
777408
385771
174314
242406
797577
602202
339686
693218
341683
235015
414102
855786
506359
490984
686024
921429
435024
109057
16306
647766
969665
824637
750802
759557
948120
704814
710787
539500
38121
983723
166956
373180
110794
74931
654439
532614
584656
168397
693822
459894
152732
470766
635419
491331
377510
411206
715654
363989
257269
792920
163819
243145
819299
818206
967735
422503
905093
294345
790905
846269
259471
977500
234224
12236
14696
606250
479412
365002
73359
659391
359456
424533
219547
209490
179226
379391
402379
568997
770775
643316
927457
668290
396912
273824
149228
903566
933208
461723
944008
99155
714937
480939
248869
136230
517392
841706
541754
112787
621722
912360
315273
765387
287545
926082
588956
328341
717298
496918
521575
776296
771144
152886
849907
703399
91254
745507
531943
104625
411599
11774
429538
544635
262999
610408
543553
273295
753305
415645
775666
141720
372865
954692
822646
936260
448490
416459
105243
609463
228029
800180
993506
951885
770523
545894
262975
181931
28740
154500
101622
29428
778037
191806
574708
161054
973234
518468
492829
362381
883085
76704
990731
158903
185543
24992
231708
436052
840627
619302
434137
220769
610279
741241
705065
152109
376540
273388
790220
284871
130368
991503
132104
846795
976404
160488
527137
592252
465960
441880
969425
202904
180264
85419
823354
983719
150568
908164
210725
742103
736602
400472
741332
655295
918641
421667
161673
990086
100362
348131
26728
853325
381338
109256
36992
151294
865818
886542
9961
488163
174813
810853
993668
877221
563744
784592
998563
134548
783632
717400
187629
341100
28698
784975
175510
740680
252045
235830
471549
989937
775173
570730
573237
151807
423574
959703
36846
435114
979875
189134
762149
801513
113290
885876
963224
330099
399997
73814
102811
884663
61961
590080
396485
473294
119152
350602
703200
950015
982061
206818
766843
526208
493730
146377
387056
245164
174169
938844
986637
316018
964652
286905
825603
208152
971070
569915
426935
928825
545340
654374
290915
282980
735175
437834
108640
51395
465898
535425
619167
214860
196153
471796
750101
748516
640328
757648
554240
116586
853344
257054
565886
175832
892712
904746
991339
852054
601539
62845
214088
855183
823437
31242
391759
336624
702713
33509
574637
917938
79196
416434
816948
415840
390645
411557
381291
82226
337632
756439
735274
889217
396168
644857
548290
530394
441125
935610
161450
853222
643091
51408
283633
504116
705111
791333
206872
552073
672993
104349
546229
456248
6837
954367
118694
742992
948535
12063
854074
176130
188178
86164
379058
628849
307918
130768
41585
304469
133430
144630
757502
94921
128177
764627
329014
968537
837727
168191
77745
319032
853983
697538
106106
987559
519103
245337
188007
408328
141372
413647
628181
500326
973404
864235
591657
202595
225620
158385
105411
611516
534815
802403
22720
473746
166832
408838
583956
998533
505181
859897
294237
365588
193514
692989
805701
469613
135084
156064
631635
284460
523039
712708
847128
378256
456283
711286
812038
813454
814563
643733
294692
454311
869677
787969
103013
335084
182844
77410
936976
998562
472302
945382
622245
316468
607236
461001
116871
354396
480052
41474
957361
440182
292137
269874
261194
912464
698235
725299
914150
550622
443485
24416
520161
64614
618099
940498
302014
542655
820725
244965
792906
778567
895478
768785
28931
822066
371362
968537
729769
943713
110956
314418
76669
660605
688544
153937
25841
932149
323314
132583
270029
392199
681082
978106
105233
222192
52505
177680
217716
209160
221285
972260
80217
238779
952987
255009
882603
212102
198857
645514
714625
121458
243499
943098
187327
926499
300036
456367
189384
167551
472236
799993
767429
891402
187556
753371
976491
728564
267536
901832
262942
685948
552450
639019
854530
509282
215604
764044
342795
347277
661029
921902
617579
913744
976312
522035
864348
369171
416398
387041
15822
914629
563190
190028
166865
259476
703706
550785
1159
532998
684808
474413
468438
510302
472806
542207
623779
599227
370714
382044
457954
136213
907565
792005
319859
703848
87407
193139
271447
610911
131273
36190
770148
897308
98872
370047
570357
402859
24672
858858
705606
907873
452313
514216
387973
146737
473136
261815
411407
702596
316978
5006
666663
804762
482516
254359
801018
416606
100135
543492
443959
975199
581885
183085
105647
204266
502211
269646
282394
672537
102089
68060
846077
790194
336074
345271
113546
168964
470621
559734
866645
588652
485743
568423
483210
487365
918225
589325
200485
709879
564254
862444
470984
407860
486326
909605
631911
683901
43856
570788
708470
851661
41434
656273
401046
829005
276862
845518
318512
456919
39475
263001
866545
898038
724013
175042
705101
262883
598684
210528
460458
612014
178543
28510
742287
957669
457466
507817
196745
534073
347699
400552
19260
895096
393637
350518
352993
347327
934167
894529
833372
18214
340677
596532
215929
736585
834351
197
984373
139112
55297
102197
444725
197085
86692
249805
956641
177822
968853
34844
363004
739742
731259
800523
59387
628814
758772
872852
613954
950286
783385
700534
276820
400596
306725
840087
640339
571208
784465
492059
768244
288160
201302
934595
168982
300906
499470
795530
216275
348501
561612
404007
615277
432979
183838
50947
971159
296100
663660
755904
376246
852452
510896
982953
140468
523398
654537
796483
693490
724721
143237
32564
139184
484788
925306
229933
248311
577358
381324
544424
721942
896158
615604
918927
113991
469214
972930
858601
572322
444821
978330
278048
671546
824748
749368
29928
512901
637739
797622
324859
121537
972393
706121
382758
624915
182204
459597
165345
111580
356816
926006
672805
764902
229738
664796
405726
467069
919512
736458
409555
212680
288125
231645
186585
692389
92273
968663
361357
291700
365958
316450
493431
340627
821869
885245
546678
545599
130068
759970
572499
621748
685357
37280
154390
50738
140591
442403
867377
292644
80908
582326
285683
748007
730890
220161
593263
891265
392561
205038
592638
2972
949857
894840
553452
829102
763038
99719
268982
937840
350035
615737
982285
256048
497935
444321
793276
98200
441489
223167
647152
98859
300928
462990
582033
154759
283293
185463
779556
336717
205993
64208
995566
348272
144587
586603
965047
185265
396423
462469
225711
890128
737897
554228
834275
650979
410049
935542
323762
398909
782400
365421
176092
822282
979642
126197
187030
131702
607244
93671
18131
118788
32913
172762
231293
48958
701714
945240
40910
149177
694962
68784
19695
981865
620788
252237
906450
843933
742218
944093
108392
898335
396516
597033
873624
568766
792792
916007
969931
84818
809169
81712
752547
685550
897216
137111
459012
487119
46868
233167
136973
922996
683241
105840
30056
302573
531356
91825
576190
105403
151535
201092
668177
526598
240465
618278
887895
747970
345212
111964
86871
204379
148726
509634
87167
82463
382392
877473
740960
357858
708816
516528
809527
500972
102753
439784
961886
68208
763843
316660
267777
88766
60542
375313
257075
660038
487201
155271
313793
987502
162775
245388
169757
798977
610649
83003
344274
236871
429231
35170
724783
776518
361427
236404
777428
762993
600219
500137
556521
57831
284649
356624
594523
621596
669729
291232
786264
354655
106971
219539
131238
563480
436020
492243
666071
165239
227120
436751
706305
386781
113556
863973
194511
764041
796150
767283
816222
54248
446426
754786
813252
227947
170396
594798
299174
407625
900184
936403
733147
640169
776569
80556
640610
134656
438378
619249
555885
184962
948606
167335
258829
412462
557855
979507
769850
806306
150463
639766
963160
322396
773992
53905
342798
918305
882351
212099
212557
577384
354349
214264
790799
468475
827240
570202
754945
552204
878502
21285
456821
874145
931042
4538
460177
502291
97067
265660
229773
752120
941784
736406
434608
624255
890342
356152
981746
947685
788798
453874
490857
861048
90304
559485
764162
443780
19368
126798
441520
257650
328745
901289
428506
13706
456822
679095
705655
96030
733105
631658
739240
127323
499390
228115
220244
293181
421196
145680
828782
200664
693002
297965
574974
303057
680479
321717
84654
24810
785347
381716
850119
743727
414763
64359
957955
832486
785198
931132
329348
479792
135936
747743
336892
646031
209142
523452
812266
497067
523761
399336
688628
881494
426333
503699
578514
538171
533822
160687
599666
392710
628073
261216
382564
617122
688769
284919
377779
75683
467630
912523
354684
162340
692945
304237
618156
15741
816697
972466
500484
433635
242415
941724
238505
904923
521066
774321
921047
411690
546346
586045
763929
172827
256094
90597
349530
936741
675445
179985
52353
208133
618636
595231
846300
894013
82824
205825
466847
703634
205763
794539
213482
794924
836659
814854
285746
157663
484704
988518
19416
71079
164496
587974
292991
692366
586550
376913
813417
56395
544808
128525
556859
285433
133617
230288
833157
576547
586794
841430
936814
378422
594641
354036
13469
698014
216427
285016
679673
80503
868162
232886
569908
940616
954141
759994
230649
27451
935954
990681
700907
366379
559384
246608
988729
853593
346806
183848
946185
15018
271889
35972
85572
277107
238523
636295
569737
247826
658620
585224
686381
67497
959387
391224
311785
270499
98905
607270
232703
709337
637992
539073
85056
612163
759331
683771
72389
398315
471023
555465
290017
57935
342618
417103
415765
45439
394098
943588
340913
759429
936945
21115
340145
511594
829844
834981
471877
552496
933802
487234
782737
1627
489554
213631
510801
44459
708508
333789
341040
17387
844034
223748
874887
351327
531119
92901
921002
427752
592036
708047
825692
948294
74809
547655
547239
904931
707779
295718
517253
19911
187291
655861
952834
243187
83440
868845
638896
498356
215113
928917
356322
953665
595205
43655
226031
670982
632614
827275
558651
449373
912178
728673
896463
952187
14277
653264
792622
964232
166432
735688
163128
362472
496349
725760
49244
437230
851303
487279
819479
258556
383500
634006
749061
446541
246996
896980
784827
275566
639863
603953
706147
54860
369123
492475
626136
657583
696413
689090
350228
775623
257317
605396
726588
210414
712373
734559
21210
813832
41407
821838
414533
418215
770116
98968
135684
89506
253281
13250
906251
376310
263511
103337
856927
718843
652621
399993
600360
2407
873437
814208
91633
837341
397853
517620
312634
404367
888159
158321
449703
409463
930556
907013
402012
487816
695080
203596
216102
720653
512618
342309
179317
94038
971995
519853
229583
917322
74146
226489
577778
52484
17112
255706
122152
309474
185938
926680
908872
718118
353074
557910
42465
500827
103094
474825
265441
403477
709292
966225
758550
334596
886192
398619
687489
603790
161888
891947
697217
764334
844717
345925
979499
843423
316626
86584
740142
728507
911415
16414
549305
991309
918294
693904
736360
655542
439702
592914
657441
895064
141307
822736
442694
778310
362277
510544
69499
936671
618191
494384
479554
463575
800388
96251
429009
955718
268215
188604
505783
892106
560887
947276
402480
33293
497930
555608
492108
362087
470753
20867
195854
310754
800143
606996
238715
143941
985425
738792
642321
349864
870578
25359
438014
55821
362033
749219
133164
745291
188714
19257
765916
821926
365199
383127
995920
336449
504894
834085
454561
923517
633052
609386
137461
221968
543665
85443
361081
647350
190534
574310
746117
79192
937416
11508
891896
270774
107479
229196
277632
99638
406300
433354
344749
435937
261722
179980
839655
772002
550806
288954
294970
845268
745226
18182
73259
1851
211733
834823
672885
678321
915581
715242
809889
878682
430847
253700
75567
162450
185494
165823
940904
164686
261859
204056
313997
742796
204153
466985
397480
165062
424863
344775
219121
838942
110342
82878
173133
949791
924957
568891
720906
594357
380345
564422
736784
442400
88214
578634
224692
338843
906377
829015
266340
238248
980882
557577
888637
719885
813505
563349
759120
888443
297081
512973
173143
347132
4629
59618
385428
742986
240241
966454
333532
937246
520598
69616
773792
392179
258286
290928
245442
682621
126080
160471
863807
338064
236924
219531
899653
111680
219499
128899
951826
28649
46615
653367
396715
11497
516791
635371
833516
63288
764601
622834
876425
841623
258427
36557
965107
752343
289182
258297
69750
77311
32377
196719
57150
387688
196301
596167
971203
724794
671023
332526
732228
301798
834423
949292
221471
419837
339679
571527
276118
624182
945906
197147
688297
452803
558029
566573
744763
569954
463696
173439
272984
999350
220274
58416
285558
93954
341193
7495
703569
497326
682657
221126
815507
13049
470258
427619
113025
432473
847729
161392
808223
757661
40697
793418
996494
99672
393935
215335
420724
762444
418031
906387
424960
557454
944786
791880
849826
614336
427329
221596
734085
685584
211677
803884
420529
31224
36433
773734
459260
939905
819991
102252
480409
870177
716559
923249
110963
182204
453315
976854
688085
616276
523352
605461
286479
606350
393905
140810
398460
636588
368684
234045
257858
885703
869607
567084
569252
867090
321271
157226
773381
468641
861466
38893
549715
94876
113526
911429
36919
271532
565541
14717
700616
67690
26459
452068
4457
525966
594234
638881
324993
691856
568843
440438
131513
512581
384432
865916
393220
910674
18698
7059
529734
673477
863961
928966
390390
93318
729304
239546
868599
620497
188446
357030
743615
108094
26432
283906
471469
703599
387101
751626
102275
723146
399044
239901
515404
739331
268342
963053
494408
169349
513258
440727
456683
352676
590424
250018
670405
455956
169953
162245
383476
288863
996598
700296
268091
201424
369717
363498
786082
781493
569629
241687
641158
530958
689376
730717
491232
170946
432812
195695
901461
579407
179300
907311
368701
725406
235295
961603
740701
337047
843918
70271
859027
380908
625942
85186
564610
53597
521941
195864
316156
992414
595629
10497
911165
230486
699332
128687
266544
499547
850494
716604
29174
771032
18906
115735
437085
450197
655587
757480
515532
260561
790970
734040
278223
211580
117765
932350
679167
604124
644826
101284
994331
491339
104408
387633
124344
824433
47381
517195
898670
852932
286561
499202
1512
837634
880847
181171
117522
737123
360693
155232
281469
198880
321677
181612
675449
118285
813598
364755
165014
577519
513564
484286
330874
805072
479404
956459
768474
142552
853118
481455
16816
993507
492482
115141
826386
565625
245809
258276
192322
351557
787810
797501
956321
4689
370667
972286
830259
415065
51555
346767
910016
805204
205212
631341
390294
663594
272883
33170
441733
461490
995811
526640
674586
713876
598637
606339
748563
11455
216129
314928
960087
345591
330612
439249
521855
453622
295503
669125
670362
684636
610275
409607
746811
329671
805941
45689
921471
693973
14888
788925
983819
741600
568538
233194
965118
581482
365715
233848
384875
50731
762633
254000
300052
396077
290707
974442
879558
7197
754197
338273
616492
374778
859893
335684
751406
893165
269794
566248
965967
844640
917905
355391
654256
289476
942571
333996
107433
379634
366101
894787
157534
990344
906752
366813
657639
647312
255905
935748
34454
662928
901654
111714
255826
687420
915759
378371
814376
33211
768037
400315
465726
366940
501141
40336
588533
246033
416523
373366
523834
455305
185438
621565
818926
882106
602201
829391
317975
776829
24115
99029
459042
18223
268709
191019
713960
880017
988372
727942
182360
796776
519188
819726
579625
861398
260120
290040
510698
129019
221230
786313
478197
253597
536598
678177
620083
494255
909481
644482
363267
36583
102171
338584
407721
459866
112715
119956
280994
832265
3368
611757
410045
203129
757206
934923
525581
266067
196129
971337
307715
80679
862635
706640
141153
538778
300434
186061
342082
980925
22374
840941
76807
532781
164860
871884
749705
470972
986643
371612
114215
147038
854091
505129
897132
285957
337408
243490
404958
120555
609671
743426
169699
794348
365839
454002
322533
372978
503865
294045
53775
746115
176837
668387
825874
438155
807623
546559
398430
568384
746776
812704
697264
455298
123247
201136
444478
753165
275270
712410
317511
933046
740325
635626
648273
626510
750629
972719
12737
970584
735709
673565
338663
11908
292437
307595
867635
281615
680451
570642
702328
3521
880045
685332
367169
882541
720502
784583
732416
439589
531898
689345
201820
839142
989620
714217
536724
145422
712962
712183
434210
607475
545887
877723
978779
26554
214537
909684
90759
617236
617316
337082
806082
298967
680395
716938
404990
190715
951638
37206
75224
335300
752186
428256
422249
595659
237206
466113
624756
941591
618169
549377
773441
362540
294116
481049
472901
401366
609979
933123
11942
89384
573069
705724
311310
783760
359617
467842
521248
113131
139160
905419
451789
116028
694112
386009
312653
729167
423493
823810
658339
932893
604087
795454
480443
852149
697884
320249
121918
440436
947296
400016
409944
469062
817036
139764
863879
902551
307991
787576
852155
916968
430196
60791
859379
584667
247805
480980
756777
111354
159256
519235
472302
198337
123953
662096
352499
127481
368492
271384
995469
649951
151407
24964
575518
678970
727599
929139
510127
516860
980639
872289
407634
88067
481297
477902
739826
529793
942947
954644
666766
465185
566133
884399
538040
174267
199929
584884
283830
371861
646193
933678
679062
467546
438481
17420
780583
539917
469234
291834
667273
768403
161437
712252
692616
86679
638759
885542
321339
70910
682411
316013
636691
788836
668959
175227
884033
200427
76981
241914
494297
578715
740383
794951
199191
49093
252080
501353
572165
764718
271471
658577
871423
530615
744153
492499
735561
593848
584351
576126
181869
734888
851398
826737
990118
644055
931536
864
631772
878056
362875
265740
780349
153066
8454
19531
600578
289207
853546
892898
719414
673311
957869
757662
569138
735202
368075
287064
14402
730289
55289
253593
643107
347904
104968
671407
684238
825162
539054
639116
323795
224745
961701
652535
236528
163656
194289
554346
60791
762487
337719
450039
842886
613912
695985
290067
168282
109587
307528
911894
655834
527083
341261
62120
462094
328230
19566
299004
495951
238649
302760
572770
987269
910741
259854
437618
906863
185004
808348
386602
699040
979501
525026
79192
506086
711497
269669
682653
285783
539121
214069
33287
953585
43827
318017
595951
960272
377158
859964
257607
955482
351774
680725
913830
470031
449058
300112
515653
891757
962230
357059
530350
668064
844723
143489
487530
993249
827653
257797
545696
90850
614053
254719
903291
70925
628062
20526
295262
987115
488396
838410
645635
218514
132105
267466
711476
806730
622026
638609
20644
598049
71199
920124
143169
992827
705164
922509
803641
433410
466034
401292
59249
681366
420058
126531
787776
796675
651453
993226
775109
11189
158013
561555
797532
893201
373535
315640
651878
361570
996067
952270
126494
156168
336486
574601
740364
149652
856679
330391
98832
5105
291019
441839
700464
916691
720672
635175
484989
110630
872171
604478
159076
283813
822279
307282
715306
883766
314693
870830
672147
837120
616050
33378
955961
238669
265561
26197
179000
787499
751821
425207
705312
538087
415120
53916
947315
142560
770573
871789
858906
656479
386347
723715
952043
346965
176028
265143
459560
911418
320504
840113
204790
170950
873872
292498
439328
106882
576525
951491
659022
512590
33188
526754
655093
948146
59697
872905
7708
71557
25316
549835
913612
494692
218280
272890
437141
669553
489478
25595
333284
269631
435839
490605
698259
388359
395164
732553
735669
991367
229523
313566
520782
505561
979186
393944
872937
619652
429792
520071
566708
241300
424659
961738
106715
727913
322459
593474
962172
44924
639292
89194
667893
612147
359886
212968
528304
375636
662223
643651
46879
389772
853713
261406
160877
980061
413609
662862
77518
71564
394050
175985
619055
469559
765139
648786
766949
837222
674220
796069
266008
42146
476264
249649
992197
576530
312819
972271
940144
168858
763894
416385
623488
243473
658701
83874
434545
253208
557246
886731
693443
137047
676818
162319
357993
299639
447962
185069
275165
359829
234853
140337
736293
755639
227281
773553
960225
56539
323028
78743
361242
528950
14036
872512
173769
113386
532075
806551
457910
736103
15168
71135
851835
496135
944557
638305
977247
951687
710021
146641
936848
568948
838208
394616
911628
134393
997338
557684
69848
473280
138594
396872
894816
505626
645800
346266
228167
74039
691558
982004
405042
93508
134542
197119
318444
61346
