176992
214540
476498
204615
661056
311896
579582
471116
937968
753034
672718
153129
349829
35392
250793
323318
465213
340701
937071
121862
348638
915497
32818
456532
864880
615931
649353
315764
755614
871284
280636
251299
140845
552777
117012
497279
15437
151264
194156
336216
621441
874602
747000
77258
858352
761407
396965
676820
904292
757021
152384
858632
312203
917941
275897
290408
802087
252655
920906
712117
169363
200184
50504
838544
539949
987649
470645
463211
857229
960786
324345
248012
455668
468432
956258
597982
276121
973477
392061
659136
425236
608755
586148
530975
781323
12788
550845
276072
52124
855817
83799
371067
173851
58868
274264
274095
962608
789431
690918
256215
570506
41982
673454
310659
828819
501307
573680
301149
525196
317948
999819
233074
325087
985508
946717
626692
480084
194901
984368
601615
914683
780998
186874
352189
882886
623225
74676
628999
4057
324712
49148
891110
617839
43080
368998
405445
451829
671640
591524
36048
395491
434628
456531
760762
337358
53295
489092
353839
621053
985062
948215
29470
421014
299387
989206
20946
43544
900332
173311
634240
83039
387429
680648
500501
825884
843724
501766
493874
314327
264410
699072
839763
109134
111975
165508
842425
994176
529039
52608
115250
246616
526389
766206
396686
739248
808882
653593
170389
381889
108213
987965
412464
982387
861470
737085
448822
159116
450601
192732
496430
369250
67481
974629
424959
407207
809610
816254
167477
895044
189228
497794
626768
726597
69317
305637
455742
256659
444687
583069
518034
396376
700975
648245
786577
209863
185800
767573
495627
352447
763755
317537
167035
833772
332787
403944
64494
357016
912855
260566
654363
971853
71913
248375
727698
250562
782010
292826
802563
914001
685107
243523
469081
787024
322042
34654
404999
481629
696875
983063
828794
502005
589681
204693
45978
778112
116847
572343
176200
52732
83913
684766
735425
970605
432704
951785
532840
255185
165287
221998
748904
122472
76661
290980
116250
408800
344140
367049
763916
733005
178384
427378
895868
134963
308976
232087
464998
489020
511811
76135
130539
684667
911907
790054
62906
563236
303915
9332
298854
103085
240883
957549
6322
582304
447574
407044
12600
634698
665822
25055
602724
914473
906935
517081
941407
433000
885719
673526
96402
573686
87800
604741
218514
172435
16829
369492
465491
298632
845380
395005
116643
354556
309837
913280
367199
812026
320632
914197
155078
54262
235338
38972
227875
594423
176582
910972
147446
941433
458266
305871
550877
847754
972716
152597
317139
397471
9988
606639
526110
751152
780286
584220
130002
672712
244762
413935
541279
287847
918202
114070
719390
720263
798007
883760
538672
109373
566919
915404
664674
737718
715437
667363
683688
379261
235425
912344
129615
870897
813695
509206
482907
993679
985201
434069
688130
748359
692634
963630
327265
317345
159136
712874
588523
318032
224856
555031
889327
1375
642351
161256
629576
564377
467242
692901
451232
864017
627200
695640
472215
104929
520580
637325
857983
464712
596490
841944
126451
970976
388776
985978
135016
351937
268479
636249
952397
323678
177108
305376
963568
325632
685765
43462
468846
820668
580661
545288
627625
294907
838514
194634
537431
845362
772706
788199
176282
98234
937769
999442
80877
688801
462036
53627
13154
560872
379259
390889
534428
159152
422926
351943
662800
337117
270739
443615
639921
97257
276461
909139
485027
668153
578182
969775
837844
27036
882331
301461
512244
348788
818005
74514
239932
862841
301249
211322
554029
688773
444468
946482
664395
796627
565158
358393
120630
408286
117066
547974
370342
277232
417209
135844
492688
231721
299435
425800
840230
372015
895176
319196
539618
605050
818469
445484
878492
918458
745220
750520
222279
475690
513476
370889
640857
483012
1100
614982
644589
424950
721501
997653
444266
207760
672650
811590
420962
641116
456372
753463
569134
919335
333184
53776
388267
91893
692926
196489
706948
807513
891337
306032
236202
356505
891514
886388
373086
279069
996448
135596
644017
541510
905131
201283
972414
108627
442751
151491
631897
796751
600719
217270
626991
21007
213276
704837
750870
544935
18859
765343
118133
967129
715984
571705
406338
610014
454511
898214
84568
289219
627601
212925
380274
947354
630628
143226
486687
377130
549577
979246
178459
866520
509506
526141
428378
510716
492615
3746
731964
508061
979506
555872
299178
318331
884748
765271
492176
722272
314972
72724
123846
614786
918222
220608
323185
820440
920349
17479
781446
199428
978538
617357
381184
522175
711195
975585
254270
683224
364491
753636
79353
818025
151536
680930
158657
153469
4192
859524
287065
18748
476023
806311
35614
303264
363097
499194
172090
309130
375615
458400
289166
76324
521978
720621
955312
719352
962435
16786
459955
373015
973343
450469
806807
426082
907060
707177
406055
783133
749317
17894
500225
319373
199421
331227
158083
849672
32870
508333
86455
388018
444749
799459
473348
716961
241628
297900
621832
952747
969283
806666
262
612635
233539
960663
564912
37532
769327
936207
135989
208331
658487
827524
106847
35319
26789
932416
738346
758163
895270
6830
243155
319536
186489
80323
185186
668437
107274
239488
729816
341518
250855
914528
931601
347175
213336
289917
292169
350525
596687
889398
39089
212820
182747
994090
783061
38351
391480
34667
520813
403143
385466
892779
963671
298436
237961
96230
830407
367400
124982
226566
839081
420569
838459
160653
633415
758406
223571
285961
869612
978365
924091
608942
654960
688854
179691
485805
470591
621480
484135
713962
499127
708479
872291
539897
805888
31996
328785
937822
758033
513574
430139
174568
849770
405289
693833
17047
421742
596395
359335
417895
781486
335285
618002
260503
881680
703635
222374
968241
913283
514691
135987
166095
248745
408125
922303
130118
592419
609504
133125
875847
236051
902211
939128
662808
43238
176373
399553
741639
208378
370718
772285
999330
799604
893459
162364
76865
425276
89666
965899
190787
518183
798029
830946
305149
725072
208235
856456
559100
236866
181683
292718
437302
525829
873195
675880
177922
875782
999108
326109
508467
288060
108124
681588
183311
855821
280441
276293
883032
376846
756371
10213
269317
885210
199831
28073
139016
944363
343299
389204
416020
990405
588140
734973
398193
400474
808593
658562
84724
776707
593994
396902
157634
22041
590933
231570
919921
889718
947990
812002
316650
349741
634789
389415
373214
656673
176774
161741
758036
909218
616699
79181
268273
779690
666646
10901
579895
299470
732095
336100
45445
816767
312245
623188
584376
357246
244601
628330
203368
767500
705839
780456
532829
637731
681527
507314
201318
724339
975884
494063
823999
524
444372
280986
215201
5161
17915
929126
598044
125727
176349
500156
766066
569431
61643
259090
617030
193750
312069
326278
271026
633374
982186
473461
603687
6039
729262
552815
14859
775106
105422
94025
44507
802513
593345
135762
659349
232835
651510
273557
619958
284967
298079
380672
644914
272539
596852
804185
484735
441110
309543
361781
600011
854497
433940
63054
33917
218999
672262
405063
781468
136413
266887
806762
481122
361928
109336
25051
244559
187734
941886
572392
339024
410935
970359
52025
332865
107946
412094
566969
213248
930548
459907
844375
317844
513512
396494
283897
290950
156077
816144
967293
905932
74567
991973
253709
169358
515038
828694
811695
97181
915349
650951
124670
196111
776121
651028
965868
702780
134818
890146
45580
582249
935341
416556
729840
459772
998110
767876
818600
791663
495822
490471
658297
629892
279739
238004
98209
312623
836233
158986
657806
569024
211644
664564
1401
789382
385698
814512
826782
752447
399642
506235
233461
223226
894181
231468
160047
102623
569669
964536
616947
181830
640938
794154
99983
911280
539260
984452
897908
140824
683601
692395
228693
409833
643802
574953
752369
11787
976719
771439
343138
48891
591682
600073
974863
660454
827857
311186
494271
687644
243618
112655
558580
633622
339354
602081
38885
883649
766421
574343
34400
594271
188713
739013
333998
296345
710451
719781
588735
811380
390325
115722
417744
579019
431519
425543
63595
279387
624571
962274
514106
83261
60783
811073
657239
46174
73632
478103
954843
597636
721717
291338
139102
461117
84139
170498
961424
35308
829607
917186
195287
111168
350819
172556
224353
488050
778692
694764
533984
444895
27880
485329
249233
471839
27994
858303
322623
460075
457355
281521
982103
591778
199015
459701
747929
259295
954476
88143
372584
600776
268692
968012
854258
750546
966472
220912
503448
752872
954974
325307
771633
248909
597952
941627
725917
378581
461232
359209
450112
429174
202110
4271
108017
644735
301719
28663
447751
292107
205933
259006
664464
563616
102651
97432
527377
258912
821659
880603
147472
610655
882731
8258
166783
417814
542115
330395
512372
28663
811883
17616
132126
673216
284063
722141
978543
535139
232650
242347
440055
676976
954254
877340
195321
346189
597377
489814
132165
235491
231733
973464
731535
466269
849178
553235
852241
22847
333210
913488
621910
871335
936514
182960
551001
648512
957800
133903
71488
880911
224950
211560
73413
593890
554360
2922
148721
571331
795198
97519
783619
964590
272528
750417
521264
510028
82902
545170
31092
386313
111064
527797
368912
841822
89618
875939
116633
717080
391855
879160
481434
843969
362971
840666
906681
345944
41363
364193
940270
81184
612939
212109
123863
275985
203387
491059
131556
875685
730190
483291
342973
193032
348757
657110
868461
366926
109426
827002
525513
159455
2339
939269
213542
607184
906923
279507
228748
941856
536899
473587
657166
407097
661590
261443
191121
248640
486060
873391
890291
49062
224461
91104
595379
834870
461954
432742
977131
469731
492049
82340
84374
122786
382404
921048
390445
889279
799909
374188
252529
504537
542300
825939
919387
366348
483431
940429
100871
254352
974592
444819
938375
548382
219404
519663
298033
452505
898032
160179
686330
919862
166635
409766
287566
325750
606000
852678
891194
202733
471851
934337
806485
335255
604026
910001
605429
572107
946963
930603
928056
848706
391787
513319
426270
335991
546599
747860
567843
704330
777498
743317
74200
923917
404240
807771
573029
589759
281878
476326
967975
450706
584605
895602
416754
384198
851213
448718
259905
609830
978754
947756
223561
662760
23390
431744
220400
386284
916998
816392
624567
194558
657433
137823
218543
190118
682485
793088
54773
507792
962780
703095
661199
508873
662582
261522
628314
507515
217232
174832
800400
308337
118535
547469
350237
699544
613069
834953
645626
781067
801663
137642
271466
134626
856888
775107
231264
275937
505728
29634
142079
744652
664276
381323
851562
290760
414748
1721
14328
790238
101969
81506
490439
125920
872014
79303
837340
848993
130188
844655
642318
46206
101471
893948
136101
453645
579706
310122
686822
598652
837680
723773
121894
522759
335976
95620
93907
942632
849077
93834
101952
100557
527999
228084
578681
840241
333151
838587
624972
136032
18396
634009
948609
891148
304421
644852
420911
144333
642282
327553
394423
552510
839809
464272
248401
727727
93402
970611
727032
818215
80528
819862
332339
152419
376623
677151
463430
347842
716126
676400
309897
567106
187456
60843
348766
771427
913184
226218
680381
330767
377520
321177
53950
44322
55962
18682
819146
763891
66353
772559
73341
927426
49121
62628
661818
477585
58500
364218
880918
761078
117950
318398
39977
177611
242999
850835
606641
670272
969431
630183
83573
440161
823748
80657
21159
472046
940918
218546
197760
916561
11197
894280
800278
568336
692233
157241
452123
388188
819776
34670
733324
458626
933272
398168
106165
49425
849696
889224
426817
852138
64792
786241
497058
451033
582182
592732
977168
92842
445622
524764
879748
131664
781720
849496
446835
239268
214771
64950
913440
353919
630793
176480
96818
519378
692696
926213
159268
984171
459789
942174
931376
460555
7671
549413
490984
416447
719076
293922
162264
132151
468552
709978
331289
502597
533197
265175
110096
330905
919578
183051
898507
401611
730218
143736
97039
271903
319413
946590
527995
951427
467823
348128
630216
589858
236598
415806
510829
819514
433352
690052
773012
70462
95618
183098
601798
903366
315536
243670
867046
828838
705206
367526
728005
916622
938328
812745
274751
406601
723730
579116
110017
944304
603005
202072
461467
709372
823281
790430
724275
245912
272746
461472
54753
839644
571278
988886
338639
40681
695139
943582
934097
681523
919824
470221
215454
144064
362742
693858
957566
741491
216771
699198
250842
195932
360450
699275
719055
802013
873435
264905
221492
727698
941645
368637
203476
70412
564158
92964
444708
637780
964529
362427
983169
234043
864619
124660
8057
217752
711503
951223
644380
347501
614940
646422
793331
396652
765503
958763
681092
915705
581515
638621
289430
557517
436497
779597
586111
777047
125368
567573
204589
760479
787428
415775
409060
53857
725541
532626
751049
75677
822013
197836
421210
598203
904439
431232
197033
97886
294847
978668
524318
803596
569766
148067
266049
521613
467908
826337
407448
515526
444946
55977
133104
198121
445907
615470
787949
988805
450202
887697
689556
342801
505169
152611
426590
416599
156588
363752
965920
716821
607406
781257
535629
555157
18449
958702
80435
786871
17770
112115
188110
536635
243553
240408
746159
137657
600910
163766
790940
722303
601204
185779
876345
284436
313086
424879
173397
455480
389718
18593
921844
832514
309924
271999
553478
310475
337051
18731
114108
217771
98317
170901
80904
215390
232797
11461
777048
508476
580714
305138
79351
273989
515818
152023
322193
284402
222926
106946
947672
397912
245059
978524
956864
365940
641222
907352
160730
510951
63800
984791
470202
462253
124174
320637
435248
187424
457678
676539
74732
11516
742106
447014
711831
792983
235041
570161
628294
76953
2908
758020
92091
208970
831813
344149
561585
992735
580938
43596
763568
607382
150047
704518
22209
184146
260480
563424
589018
616007
951069
782150
682272
366145
470569
909432
502690
7698
243280
409400
249093
34254
573108
612912
681557
183883
560277
892910
186065
444588
837345
438167
778026
762422
982515
366362
804980
483435
783074
174373
400054
796984
44103
894803
244393
904375
215109
357214
732268
826663
807459
200478
55732
862067
281024
13301
595359
981687
484878
173977
176783
141420
699516
790546
423048
90382
231193
485709
954980
161225
952449
557025
536260
133486
244480
697028
577056
963079
51363
626882
849097
90189
959479
772593
690649
65062
928355
217402
722037
113588
31932
186899
604430
774582
725188
379985
701124
217400
813655
340263
923657
133536
556463
234705
474283
123267
214520
231384
873542
57652
331118
780252
44207
663644
461162
996723
143160
973430
361206
238492
930192
504584
874210
90115
365986
227524
735156
685872
378802
149764
536647
327813
802627
463222
387078
210808
354765
346804
109736
177707
606473
770
338419
918037
77619
319718
216618
686223
112663
50038
650979
309768
282945
631815
311624
523037
646339
532943
323700
508862
269507
200217
415248
175798
337837
743218
967644
699289
73828
470521
50589
609963
991869
961897
716887
699589
156269
148455
738249
37652
417539
506010
295665
741408
261094
890739
693722
353013
237336
429591
688791
499765
175953
460863
90248
727994
760299
818056
268201
901587
366432
119239
975133
40783
91780
417261
492229
508774
424290
758735
279774
272238
120658
632979
879055
750335
912030
239736
511069
996946
295829
308077
271749
421623
690279
289613
428574
849493
843662
914731
568472
986023
177485
661393
944416
569052
546971
603659
574937
204709
147268
101791
577159
553913
434581
706909
335815
658947
631679
769781
567249
384276
436182
494953
542320
567162
322420
315077
532722
812736
405686
931062
62670
80509
74540
12406
30291
531799
112422
79271
933555
236380
460776
834577
940562
13054
33636
422609
323551
886714
402691
38264
572783
297191
994655
578838
307932
80611
749324
482303
660739
451692
799699
844163
722899
559064
9327
532195
192058
892724
981454
625946
994854
699170
326544
196386
662405
287221
960081
247370
742952
322615
544903
408564
255362
5479
639766
581200
865044
378634
28915
726049
453085
147162
490128
267987
605317
990924
396609
212996
553818
542963
520718
900009
322295
618378
743570
975216
71068
671548
150544
395513
680741
178590
986456
830802
708138
274520
812127
140257
242828
401442
759390
860369
391985
384901
745009
690354
361518
925431
548524
124628
98710
979740
192
60686
512662
318312
307695
487417
43049
492006
296887
450080
934911
208492
307154
624496
383857
200364
673856
412342
304816
262006
26164
582876
365756
638350
863293
771759
324612
988964
502875
43323
960940
640916
798829
929042
122268
436942
934691
704533
276106
20589
551327
561193
799036
727129
849007
176603
215323
741833
922408
343342
910744
907046
950697
843147
872844
652373
482072
335495
28645
538088
857113
952467
930726
390553
14289
573849
631798
707964
72218
644870
639044
891619
416463
818847
5866
80549
386741
860177
403016
686194
779093
100636
547752
581269
213780
856207
939287
78562
104644
693631
118093
433522
809034
402390
496572
48039
677960
681806
759171
947079
929575
327193
459292
179767
645298
239096
756293
32107
977304
788427
942122
8061
405970
890617
443505
133320
280089
188864
97205
500306
237554
984044
711706
579070
403720
887466
140945
259499
763916
534938
414870
494795
257031
211482
186998
870638
654613
277568
18556
280509
785006
878330
640346
90821
937689
427304
366063
29900
132302
841148
785830
590956
753297
979539
837953
355283
635060
431628
816577
657197
819665
710612
453328
211194
482005
263279
501029
406228
864231
323528
107427
527270
890618
615081
965253
583922
804452
889600
57945
757466
739199
335907
237896
835777
559021
764122
196879
242247
752495
103821
375607
965298
121491
379993
954813
982241
478521
389982
671557
707638
820587
920388
525337
395236
681473
534110
165936
96400
918089
595013
468925
696796
644561
513012
281714
209108
30220
576557
213383
932923
57763
86312
179272
484608
812955
12636
779136
773308
578010
276481
798715
683351
630888
654095
380252
603696
78667
950911
553752
519851
693425
444955
848126
18243
743596
227925
658553
21663
987728
852746
366130
1821
79066
570787
803678
745642
346390
376921
633591
403431
747523
206167
180693
349594
412291
501427
838834
498240
446851
487648
356980
807550
509853
734742
210943
458175
954291
750436
113973
823806
646329
291334
830507
602963
821964
819479
6890
785443
494641
707702
574141
414153
626314
337632
145505
308399
810940
746857
477876
103600
492805
760764
90661
519024
935843
707965
206709
627051
163939
728555
182646
79698
772745
510309
167136
208573
15407
590996
725390
85412
79503
8570
225671
845932
194797
218009
663456
411146
216224
550029
822193
932465
892660
657484
397594
262230
506687
531094
325070
889856
823877
355988
802296
701891
323911
884938
917938
988060
379300
742571
255613
91682
30558
511737
12538
355880
585409
859626
99842
212595
263550
406894
942139
84370
65664
852284
173000
866284
882306
638872
633833
968176
105297
267547
431526
342947
676868
811342
177281
258534
347327
200350
617264
231601
542079
573173
9690
99122
40722
109911
982576
447480
933996
70888
640050
373440
137248
603940
505401
16748
26836
802805
530120
725961
886412
354331
469093
238083
271377
131585
323507
253687
677513
625616
434818
744322
679083
207261
759771
716649
425252
882799
907478
129304
605633
467349
143766
1137
290092
479654
579930
96502
880417
143349
309699
263043
437504
444266
708483
673921
845403
85083
910137
824647
287158
384039
838874
669727
558741
405240
193813
100527
14357
22794
149000
637635
873576
976254
928357
489319
241426
961602
544966
292232
905134
450323
180766
9542
882396
53301
888549
159196
948025
983474
457778
77995
695567
104982
670480
762402
891068
989040
873194
397195
282145
583002
511925
911133
81967
958730
590051
614630
818760
353233
605786
653139
594258
595593
18409
177672
2998
553793
367194
629912
486005
151287
969337
792281
182675
784852
39748
338056
936122
755582
518610
4459
139510
272223
735578
561120
986953
238801
737848
855864
248911
940120
175350
486117
600267
152263
869844
41690
395471
950850
554639
39656
820645
775697
595170
863535
885891
785298
784664
546550
437668
107090
1946
210579
491078
70038
695580
943168
941497
493461
566495
878197
593207
423919
343637
562244
117034
387266
366059
241192
580432
737848
455074
500615
682117
177803
152968
341033
819484
402183
750703
181501
769753
66254
866192
493178
772067
727248
472516
254675
882595
85665
167418
815638
942674
508780
174992
257007
319925
891595
683032
860725
956608
791211
123258
861484
359176
13877
580116
349578
892547
210607
728557
21521
210286
858018
190261
351969
895777
104855
22698
14803
162015
855581
311022
383194
316016
772737
960597
846313
517756
677790
89943
172958
731067
758879
788886
218096
487025
182717
420572
838570
724482
424611
618420
211658
173162
759967
138540
572388
875690
290451
902517
213445
277250
884905
843835
85706
598736
796018
661524
488817
178072
404932
594989
498701
454959
1884
497890
506063
891189
416431
642111
730062
66823
567783
282196
706155
855637
850511
739158
632410
706391
783483
245273
492603
499511
167320
201982
819155
83438
737226
140945
559486
939371
948355
668184
842177
760646
769306
620818
11610
738717
175666
763373
621426
682074
240892
50108
712614
628012
661576
947753
459245
458130
454830
426546
790120
625325
171434
63233
380525
620482
972781
328442
69120
733676
732982
375736
677499
969674
844082
17237
554217
218596
447298
838600
465056
138666
521209
221790
229208
568689
184211
909839
747784
768211
586509
477745
313387
472962
880576
535775
56031
631470
4658
770985
719391
353412
293138
12041
955514
691550
625037
244388
156265
950386
575713
910384
783347
374433
42789
341786
525117
455133
540500
617419
14300
116667
190320
382947
117398
751769
536995
947898
645369
600187
514336
389983
622780
769548
299044
928988
83968
486827
624336
780796
963565
70176
355450
585890
580823
291184
52100
794775
406267
906882
103057
977248
703345
579887
860355
627839
729072
63995
382510
302926
777652
890081
597672
807877
26676
143749
203091
105404
36279
291920
779450
641450
967664
815273
559519
561260
761904
623619
869323
299904
676352
871041
442543
756550
342828
856292
637798
846873
467985
267464
36763
90727
911634
438134
565620
830093
67609
491291
706300
300122
886727
704033
504451
228655
404811
30481
115253
24946
305112
52776
166753
227357
970193
815609
727741
252630
54412
640386
162508
254456
115549
707978
432779
639280
813732
978543
975941
312352
850922
253718
35830
224458
28361
14365
233075
191480
976744
771976
514963
145742
31066
447541
395314
120213
527213
265384
423435
288063
781738
236869
627181
619811
765080
316305
681602
119594
989077
149488
84749
939887
984647
606704
448909
788834
646050
165027
357218
242955
827292
28759
322259
697534
478163
187818
488165
487114
971603
902539
942170
950622
503204
541698
303486
119071
947426
786118
535885
321075
995640
724459
878846
520767
141401
140413
146129
100098
787063
382085
708859
548509
652840
482012
831934
741264
568537
705691
869725
160490
75369
386235
819553
189701
749189
493127
186326
715928
750631
235398
567366
167019
843672
228631
792314
283026
513158
249281
376132
610722
163319
336752
384264
277889
366630
493234
821187
769992
783649
285553
995219
69921
895866
377831
370482
195526
939731
213724
939356
162452
243530
999174
525162
447945
815107
302183
338063
824191
162570
806343
75770
823984
840550
692765
557206
126911
948105
201439
671513
919889
593685
802749
745850
802092
586038
494149
998668
922416
302067
576271
998934
312508
515401
540099
135656
392404
519904
986938
683414
968741
770595
614034
144387
614025
136403
158733
651238
180626
281548
323459
67374
82558
571322
103255
608749
563819
782277
799972
554708
891534
554790
397013
299748
830707
670583
804529
374617
497073
74121
442020
15706
119605
627435
982596
33383
148357
369225
165726
685476
231233
497040
888540
375993
928509
261954
763585
146109
205620
514827
534669
191512
372158
911654
771561
376216
431494
551303
868109
566157
927658
455068
672055
512853
652290
630895
519437
177291
157473
157551
262930
898664
89218
94590
327635
310374
544647
995135
479294
344039
212322
443563
881231
266465
865306
453741
745574
453327
616163
628794
301894
634076
307875
825631
34369
864235
854632
460203
594096
602532
624377
387286
127028
458053
727795
519664
104547
642148
702565
781197
168503
714173
206719
115426
842934
141172
91341
421055
757268
938692
832802
211992
927117
755843
656339
764713
777039
933196
540966
536735
580794
974042
275645
457420
431507
410367
751731
578978
722192
108182
414649
303133
396091
965860
919192
716749
45248
146137
236606
503765
928497
713056
755311
99956
798428
710261
797873
815727
149322
797857
630336
992474
804630
560474
112655
297178
158278
379976
778603
377495
24693
214090
390094
486130
354885
396695
522539
23564
743294
252556
782694
244433
153970
291477
817026
121050
111140
876150
484982
544985
349333
444660
254408
132609
657441
922653
340476
419811
81964
786635
340828
264124
211287
744986
805551
893754
631139
214759
383030
751784
597745
822611
735249
986951
458076
910321
986247
73529
57278
190996
516440
612350
258511
14971
850394
226616
946140
674705
955219
216317
447180
412880
186751
378904
62728
199219
421140
742217
954091
960571
706335
296079
2198
466074
266568
909031
134849
24509
154726
837998
896112
852659
481473
636257
117371
572886
798366
640204
878604
698042
210750
270707
406608
617153
429356
557672
452206
732631
468656
686593
530135
635255
578458
8889
856644
393267
740686
696803
221823
82218
378933
390198
835363
165601
185136
137142
56882
88410
279869
283005
113220
663307
222738
410124
523494
216977
134376
230802
220525
176235
339452
623587
219112
888203
797883
918124
509025
705230
672106
282866
971880
849858
195903
508744
915799
706060
171810
644796
133411
910825
129196
176989
790667
891854
216130
309087
800195
28188
816477
567610
155274
682391
856258
530723
52048
896539
430454
949350
32934
631564
940126
76940
238601
782445
591071
538255
246963
660558
972555
868142
215510
488593
602132
268290
563174
285832
842429
218068
842074
401922
830125
453779
506552
183469
184207
469147
454823
359518
285778
348000
343533
849417
793617
630220
611112
393563
729267
903868
536806
850205
42787
674148
143885
879523
458144
781581
870047
197571
234156
444818
497197
263594
604833
823887
268656
309895
827124
219187
311727
360493
587626
884432
805536
243822
729136
467963
801429
90948
705566
849349
85488
466172
531371
290263
824390
193810
404590
482309
220500
47405
637960
460480
202165
651183
349767
940015
4027
499947
479527
926016
615625
183274
870953
401018
189634
26381
461353
725291
763644
195214
936334
66399
574986
566233
293370
715377
551151
16636
479927
169008
854961
649319
781298
325078
690021
276055
76634
233400
12271
996025
260351
777945
164204
131700
777844
414876
914292
759334
86111
553180
530857
502381
932570
286928
484527
239555
899994
146708
856957
899483
845190
104731
169160
346899
404771
430014
391900
385711
41665
858418
848372
81030
380948
755304
509801
122939
315145
593422
545507
846565
258027
745743
889798
35512
69691
963502
663893
104978
533984
345132
325731
835192
832740
686664
303791
653433
794018
400152
704687
29254
548378
112990
210669
83724
535208
317993
543571
409952
514064
80127
193498
657890
189372
610800
116606
761989
991538
866435
495346
70986
872203
918240
542137
911257
119731
135145
339327
818779
812465
683685
397478
49246
824457
679471
304483
677211
83675
630354
225615
907390
146036
931527
910016
893602
908714
963763
2917
754015
179025
292742
287134
150322
634475
883903
980143
807296
174097
393327
800227
746311
702189
835234
180455
168209
248373
353450
338758
66442
574537
344454
414519
269433
940545
904122
954129
928182
989836
711613
625851
876100
37055
206539
118800
184228
829374
945523
290033
30421
569759
374788
29629
544430
225023
131113
938038
355021
911997
298764
590124
976814
609602
220935
738356
576721
561599
818576
885391
797741
474133
222277
490064
986143
113757
603982
223395
465523
126740
636130
41196
61934
479932
503178
579650
789215
860921
66513
307449
751303
657393
691617
732579
311648
898611
790673
224502
749336
129385
47594
399986
539413
31401
308695
651869
439850
920070
177210
983021
122168
245486
932333
321086
756013
551098
653580
514593
460800
397822
706718
172899
293520
336438
162895
359519
562964
718929
204396
758831
343894
986843
330835
815794
27969
92572
939318
892857
709040
298659
510648
47068
893751
505220
905476
606017
537611
432877
937140
183525
517452
134111
671471
401286
125214
956696
397828
84171
169605
115473
693972
808516
519927
723446
255408
660799
624775
568
92081
376865
390758
395804
70028
285546
942733
582404
646819
64886
615212
959108
450839
509392
126207
729753
303381
508919
771080
895544
853211
644739
666972
391993
827309
772338
518413
315164
120451
268448
442891
420483
460655
37240
362101
344259
834645
43269
530512
424426
446684
255938
471048
353088
345425
859288
416919
102220
455344
957531
780485
399555
743931
647977
481962
943485
881663
58727
211775
881322
480160
6306
73057
819318
360631
536604
510642
900494
345128
399869
445748
228694
141863
776513
413233
191564
338745
83273
118150
559750
508255
67730
789615
725476
514497
654872
886921
502927
340552
625505
21025
816368
375079
636433
712327
589011
788932
523155
319659
745444
889439
517085
307978
21357
600909
890268
373701
546226
734675
317808
95212
280435
252210
46118
847038
699498
573461
420240
855104
199777
588067
333544
616724
334423
190142
479087
360617
443806
690853
603866
205953
829988
578464
993753
227498
937183
23443
80619
623979
964608
734403
163135
72440
315178
737099
220925
735640
138958
484043
455717
713874
549701
686003
717797
63028
988804
229854
785987
772959
238751
453009
581063
905168
413925
488482
953717
668711
113037
680117
600858
94814
512776
760988
14062
847634
263789
648846
668086
866936
706650
361945
701463
753349
194736
266949
982390
172043
79562
558441
859857
396129
758571
688043
373107
984025
675066
932
708143
877596
363800
652741
804187
143089
373431
577315
109568
595506
870813
465682
633505
923973
979986
234587
114703
342411
780633
552275
305680
245275
571647
834948
83986
590485
503044
816383
51437
198390
182172
304306
451729
220399
135498
41307
46184
587390
861728
450529
160898
326482
252823
303128
406910
555700
426839
5464
565970
977626
103963
78763
904360
493119
211521
268019
718009
881356
863953
354699
494586
212099
531486
721628
412270
319210
944771
705307
337016
335973
653549
164210
89011
575359
651607
939518
929641
646484
523158
979262
301777
180757
408419
44803
372715
856209
433598
415855
441642
25627
301805
710723
3460
611838
506903
452864
621717
558404
146537
672667
508360
552365
60001
28509
629778
121289
410963
469298
817639
906790
453512
100647
207114
622031
758583
740244
533825
575031
202054
56473
630103
601125
617973
766376
637090
800300
906831
907180
1776
833937
761229
301397
224573
557331
689064
117370
165651
699084
324057
871683
776966
566668
234622
590186
871340
847413
113273
103845
661845
678946
253701
80572
627664
656506
557359
181525
615126
765079
304817
398902
71777
998050
366995
962216
713747
284847
790806
25495
805589
361779
556202
654603
978760
996449
403866
350569
696650
385427
564714
79278
972697
165791
69855
450614
72140
716767
771164
669926
144661
200079
678660
488001
258151
232835
846998
435038
239947
579785
777652
532400
182120
709263
291043
672067
506572
260118
92249
505071
353031
118242
406763
497132
860383
630530
570196
456627
674643
554528
232715
586211
345419
410316
629377
151366
783073
506989
173180
132249
165794
719255
522521
875705
538422
972789
58523
358505
953134
418112
433609
904541
655559
763651
527258
691473
833852
486681
343556
712416
642585
506322
495820
150356
368679
13278
86634
481707
843606
32102
133558
882702
347035
233828
441658
976853
117815
299919
503000
77747
444846
860376
936174
982200
208539
371688
707545
252528
486889
997969
666851
515626
592555
383328
193014
784460
80965
258461
250373
244150
628360
23885
794676
669292
451465
825274
387143
109067
601273
956262
400383
279636
863635
693446
910948
202859
458748
529301
321924
110785
682977
177350
661701
573968
425276
787419
72191
166710
223463
10124
351201
704223
347958
947549
554551
942275
832232
248002
652716
402184
198910
752223
817659
318545
345819
305747
522891
775043
659280
883275
972234
440877
968219
919480
489592
423945
724194
956766
51760
232183
979957
106007
917694
596674
501250
615107
821790
581590
635792
169411
29792
889204
22316
147312
804172
210180
826997
132600
266530
185995
352821
187129
959756
621209
275652
840789
301751
306048
826599
241329
855599
716610
418860
727579
388384
777100
29162
520569
270145
159274
325227
790719
95332
486671
70858
720301
472156
103801
66690
458597
256167
648217
809372
273127
81229
134402
815472
152270
197071
71943
657619
651090
281254
652434
464053
738186
581779
172983
279419
146824
7585
970756
765066
832328
746090
660635
979370
513192
396789
690151
153085
438967
47517
799000
489257
144955
47835
95715
993701
290270
38711
982312
73952
651062
917250
288883
144304
958185
687718
420963
338006
758976
753982
780596
572252
578789
505345
798499
676050
166998
5699
522112
447128
401951
127786
325282
321198
41735
323755
412856
778984
924965
226956
116155
377106
916183
915918
645342
487897
8224
36451
250140
506863
871311
129620
748256
545286
305955
388885
701170
729807
942107
360781
679651
752963
395407
558285
3030
47505
241020
331413
948285
426826
98253
546450
45478
520522
673722
819359
573282
402586
177660
284508
662554
684709
735204
320787
236643
754191
929330
232953
406388
527640
499051
954168
228145
534040
380710
638588
259240
135296
43964
884612
685888
919376
793555
90882
840722
755118
857518
874303
544693
397373
273156
175902
297853
558513
726990
850308
870854
598376
51161
900079
446622
294615
745086
742035
255739
365843
279348
179363
724408
82211
788987
800616
88783
470880
72471
656700
938552
925440
562126
994778
751467
949231
108032
118628
254223
882417
888253
507970
971411
665438
200437
932846
933389
889679
734384
816585
625505
156537
872259
220510
212224
591416
101145
115439
46272
833313
447168
493447
146271
390906
473338
554897
383139
998124
257779
60720
239106
859025
679470
24716
893108
492906
62785
453381
952753
78312
100349
492241
243311
787426
949531
211249
39299
423409
759388
150522
654572
781057
382347
783690
167292
22923
956523
236832
222446
49877
853979
825258
906872
696816
314210
807624
929725
760790
264161
312882
907467
250169
251978
125743
598979
137390
173980
843617
265939
792465
556524
495442
237978
640008
562240
45548
36091
751111
957204
28382
448749
833682
494799
256596
50644
764154
920303
878223
23927
490668
385170
621707
120293
98682
318485
854814
459919
197935
877927
483725
79746
751588
37916
376438
747161
679524
980379
511787
433045
694508
737302
722123
274319
275748
446448
676148
975295
964454
600238
699666
193371
296975
521095
905230
85930
534394
670170
456914
241100
654139
521276
256762
843843
805333
165946
856408
822487
963115
204709
330455
673267
880849
599041
725274
821953
24776
150647
482096
71718
205371
186590
423703
419781
749546
554665
449315
935293
720125
503470
703533
36171
726149
533187
351447
631018
535081
780825
480838
606241
147325
742501
156520
42264
967815
894650
850057
347265
5163
430539
439457
477443
414529
610367
600534
670881
757006
442682
28188
916767
338752
570232
415964
744678
472137
547844
452242
473001
677794
951210
653318
573740
814270
377527
536590
246710
690407
620811
776400
461442
648755
771558
868598
377113
848004
918669
525682
456638
985127
857097
444549
239205
224267
540877
336604
720918
698345
225569
32525
819793
253163
862383
732227
679638
852472
923022
398080
878386
657487
330230
40642
683380
94937
559914
109770
40137
593746
42084
216216
195237
624000
432850
230196
940283
110552
716601
207974
419751
51162
900639
861009
362865
505695
288747
185999
334076
460100
98243
561188
824876
654601
387550
493754
119211
402481
770413
52584
782321
343459
718890
594788
895258
111621
618844
461203
657885
281720
436859
842609
322622
260749
289024
438294
804531
121157
429367
637190
84581
555758
376304
2622
142770
696567
213495
223907
443189
198835
207906
172364
688354
117988
786284
185079
688847
573387
931184
405940
872162
788416
944165
309427
48186
185379
175711
994305
568406
873557
354139
697537
767749
875874
290551
536988
240047
826427
755973
53665
982155
857842
484844
122555
613967
550535
387205
867976
654538
555545
195931
688677
514574
362335
859160
691706
127665
286573
435219
373601
575567
982449
793269
813214
607004
832057
519393
782892
105574
40301
695133
863701
903194
636672
343700
29017
88644
925593
826671
456429
555719
199361
259813
216607
364938
255676
391611
641395
914351
23577
124720
870216
97304
691448
261265
335117
968474
945588
322720
684682
405199
539506
943836
462858
772632
137751
30320
977380
284536
555249
989333
762636
330609
536628
807947
227920
936201
16436
373548
324446
473781
903585
848325
518532
341978
336646
477692
336738
341235
324413
593558
518195
887345
113203
881737
378595
213978
144090
677083
463517
834098
450278
850340
781007
403978
339630
358604
686099
412036
322210
34894
227241
219399
613034
362185
267864
589034
909148
881087
962712
374685
363337
697792
654814
695859
51503
619195
99179
563779
181338
106493
564221
947639
234056
737758
811941
714725
148724
940805
780379
513789
531731
801543
55659
9158
158080
490764
819071
684484
211430
564666
508045
112514
520880
313248
196902
563290
189368
215578
965901
812028
395903
888780
851359
398524
944074
341856
260502
635424
653331
709424
848346
920548
617809
331858
832216
63934
61246
231464
594129
922472
512070
397641
117151
409960
374131
89920
536309
579256
610992
756865
22924
461640
826942
227808
909765
39335
981855
18796
478098
782409
692192
505061
883140
939382
919648
814567
758846
683575
204085
870670
682142
680806
88914
410374
883129
512852
336241
247122
57273
372786
165689
879995
535133
521909
506619
548989
478476
761618
712241
755370
140226
565879
487488
944847
433950
539125
343138
847601
946027
141592
855377
262917
381509
925129
541443
816105
583044
450325
874844
389339
180591
508613
394335
626790
982655
846003
116465
654660
962768
657129
240949
506461
835196
880536
820926
447206
354664
397128
728835
301808
884331
648479
252421
949462
657096
521863
799544
199070
978638
553751
230258
464647
169168
260193
966227
276132
103396
277130
401813
397326
911094
750339
323060
456142
285420
405761
211943
754690
322866
929942
497729
583581
963803
412866
659370
969351
335167
86832
867362
179783
674784
422799
207692
273113
832220
280435
506175
774775
373609
283787
425527
437130
309413
572664
956864
568639
646670
331468
12522
240732
864920
214992
542506
355279
573300
408888
129723
848789
44821
405335
766266
360976
359066
461253
256508
334293
520359
306115
892832
484916
41797
226337
280286
719670
252748
798560
143791
903800
845897
710716
477508
397210
419129
105218
509037
739189
81603
493919
706668
172653
145048
86388
996846
396155
454956
808598
304902
671629
111721
262084
470548
819822
861529
944011
290030
403400
759462
136812
5927
904692
416044
660881
126091
455885
476331
219033
221037
620974
53099
750844
9357
107395
669219
752875
944377
819863
764631
266720
63935
775295
915756
524347
395230
484948
911214
849924
559201
170139
55343
401612
490477
401638
552021
363515
714576
541570
4969
35022
659178
182709
127250
547564
439968
723900
29191
706554
873751
351297
929384
438477
963122
694627
400223
253811
17657
214763
752820
83617
252669
56100
536039
641063
297263
789044
301960
183333
12391
932150
43939
232437
511405
450409
904030
570511
378842
874436
803680
322080
428946
943128
460262
466956
542128
40879
982692
154661
283846
97532
615875
971263
411838
48795
556144
546601
657678
299112
923153
956337
272226
211151
219060
206214
859413
949298
374980
416495
794424
734138
377935
575668
180286
110757
770676
353774
864323
941134
482494
403519
724028
87343
706167
889895
677817
791378
119395
435650
600068
341451
988143
534837
651828
216643
182342
933123
89404
760173
703303
840080
149956
224714
3859
881297
16218
988592
75544
17011
545909
466356
191976
623736
445070
182534
733291
426920
426959
558662
473400
246333
605340
676882
539516
410607
30809
584605
181167
131936
962068
935963
821171
288608
804525
478601
286153
539149
15780
153724
280971
555990
446083
255745
362
181685
785196
428362
717236
588169
237603
883529
229958
309378
293400
494014
453370
801326
434634
466878
271202
675988
234546
113328
70277
328843
975711
131730
706787
184100
878310
334347
495184
339847
544648
114467
557715
902488
834243
956433
137411
672216
936219
176759
825887
232646
271974
152653
319952
845856
335294
284728
550658
558854
890992
374798
100968
327882
179053
78054
729646
204699
196636
236679
166667
966092
313469
79027
682300
18259
973652
219516
927348
254402
766244
611105
124737
221423
163091
288807
416953
999244
839189
976792
375076
594008
576872
521203
139451
69157
454252
336350
198065
968825
743545
556240
351544
559079
740781
794789
609772
539446
669343
538103
592458
957796
355755
777013
843805
804537
910713
185998
783955
422677
604091
40096
547715
841388
590752
243564
414587
109532
957437
407530
548551
745741
639666
288912
23038
249252
579828
325108
752954
670550
817243
854305
115604
695706
640789
397341
946664
21394
498051
691207
633931
918093
821800
819285
80167
546327
759301
440174
269515
145710
87131
209614
376742
451422
316102
408331
667851
225097
781554
100146
284956
592132
30977
289412
206377
738637
521631
299505
895170
343188
607739
209070
404772
115688
523410
614144
266178
421435
414654
383257
85542
762758
98795
539673
246895
463879
612885
678940
458015
882871
284694
712203
651053
398498
610130
779555
901565
157465
650336
575084
200410
519827
680405
834007
172645
325665
751528
629462
818604
657826
932466
897448
678139
715273
227950
923886
703522
393351
945240
55745
385545
815752
710789
896512
973833
455128
795584
346169
355070
407996
474967
147945
47490
667514
432715
509075
678624
128614
326915
814717
736478
905805
775973
846230
699851
819486
440327
926806
262635
842539
712534
900846
517870
453909
866210
528394
693204
670966
227030
271552
763203
474008
443365
375192
960430
512019
704381
668228
998910
815929
651135
475661
959935
969286
55630
807994
294515
701414
200153
129723
615714
856499
249219
171151
31726
431386
219725
217258
253919
157461
588499
181507
447822
763007
839257
917954
566863
209056
933997
363553
624089
98886
265997
87603
624696
926802
244216
694397
637353
131162
791983
534531
531254
681522
416642
895316
565995
616394
881548
140018
148571
96032
937464
878261
920701
353070
410504
561274
8491
514374
338629
805606
147218
488686
33407
973911
428715
695646
478678
550018
960437
216993
905220
888061
785165
46196
297627
728297
443951
431423
226302
203964
251249
422769
233639
984473
63458
363335
994095
202678
120654
110025
645156
229554
159871
879557
36937
613671
992591
628218
747329
450739
865465
615229
32966
587473
631682
14582
14783
484720
869010
821559
88221
570677
927427
406806
155720
16220
361906
124436
758538
637023
708292
476233
151705
236732
106240
882583
836698
453734
569013
90080
646114
280148
498460
333808
423879
589345
616983
627265
433897
44403
397751
245514
19364
863838
862604
193884
873832
437353
134003
943338
168989
657257
106279
302962
458386
674547
91448
532285
406905
245379
999435
31160
93069
159684
493047
791414
485879
774217
948015
199593
695050
682891
227998
524852
706716
865118
704889
184974
232288
973892
872981
897213
266588
629574
313459
974184
105237
616487
372350
333789
798623
303392
58307
126716
531586
87559
312543
262058
594979
806199
861116
874318
61242
815413
179456
599626
950172
751914
312356
939798
222632
790243
959030
414783
201789
152907
903200
315470
403755
176495
777079
553443
508116
175617
164828
250459
388956
898234
652098
55382
386567
383469
658036
397518
46826
37233
30630
208435
784677
239549
984610
210698
349608
429627
660018
563996
672788
625126
820100
43085
402501
198037
175224
963309
658313
307900
180539
878245
88818
646198
735965
348427
82446
637379
78378
530135
319206
929679
429980
243910
732853
583117
347484
312953
456407
73978
379532
685521
378042
526197
222164
155922
402850
25170
865942
622930
839653
310075
88120
307543
654799
777748
176919
551850
614188
908266
164384
746583
409749
43834
441539
695365
89732
929367
472444
543635
945547
720629
209881
504051
104546
364591
215089
51249
314907
449910
740285
477930
332611
380169
750450
299915
621902
10073
627173
962860
81158
853450
194874
370811
642693
999483
669098
189680
63166
646336
871041
4038
909463
920862
227763
14068
361930
775493
988292
651160
84730
488428
47536
324240
130753
574866
17421
344177
403770
151849
175214
358564
938760
378670
756106
130042
609264
284923
472368
11590
668300
840159
757848
904267
927655
659000
382932
320190
656418
47379
41379
315649
647168
408455
918614
167369
800062
443972
764322
740312
94478
49794
251038
667625
40641
391789
371867
929280
920705
564382
122850
741716
309970
672024
39302
22131
408546
924886
315665
242074
667796
540778
430927
196699
769030
559032
431128
949181
59829
563451
978483
170413
33698
800349
983616
152238
192120
294066
760448
469065
394506
953620
346448
663150
593796
577881
487161
177444
588668
668029
64898
735969
666529
97630
654729
747894
254675
31435
849603
768148
519161
947856
949531
310098
440174
981999
33752
408295
949510
47603
347440
322283
35570
535903
597727
685144
51349
698488
664554
269468
968941
776435
142873
7781
985451
766801
822003
264301
253120
557649
742884
598163
977414
278600
310167
716335
506779
541795
290979
467440
820494
676472
395089
903863
292996
126126
792303
275025
271113
888743
213592
644153
156501
128723
974494
170901
260070
537506
329189
30506
744443
429203
180203
68308
830996
394709
53063
553482
186703
9562
963997
507815
297658
638917
857502
381472
855444
257463
928183
74099
251361
243530
497401
165442
143244
222682
986157
287967
511028
215673
293694
315773
127599
829209
9257
233827
905371
672
554152
222928
365020
334728
980829
308802
151523
535693
740290
587138
278345
675935
388563
35848
499497
714291
760832
937080
683245
386362
556573
630102
475475
152913
8887
688701
75503
108464
172091
593740
273490
835962
832103
980176
158971
687930
98636
542765
564703
957637
981541
13929
691144
849175
695757
877822
36147
484232
75914
106355
846613
711721
777371
868452
686481
670964
900353
833880
422222
73287
526214
250963
340416
948171
717724
422447
346480
540214
316234
576244
805719
984614
2340
783034
422110
78158
428713
629613
56201
149371
872174
581932
505114
780178
295071
151038
72480
10351
239904
345227
642687
52509
842404
775918
966371
904848
593156
153921
535437
894057
227415
30653
269319
471781
127739
586690
3417
697065
122624
865018
914163
409940
712311
660744
264485
864763
240420
180067
376823
838975
922214
431354
250647
436220
46395
769790
649018
516133
931754
740620
526569
70214
709258
402167
511977
263135
540427
56919
800366
861696
862808
184081
333425
851995
23678
921485
427267
296183
651670
833705
193652
324481
939972
835072
902660
621303
160470
819945
39814
716820
727099
832151
77892
532319
1107
236348
746072
656310
237618
932963
516577
532695
760524
226432
939353
736152
178030
356303
772609
583930
454787
708444
742503
669715
776150
271498
439224
175186
247842
896979
403940
413927
908863
764685
176053
937616
942667
265162
226048
891038
647162
969894
14063
866293
131736
921076
793760
87007
436464
181637
194352
234185
57812
192150
544220
601542
720276
541191
967151
329200
432883
146440
612843
529567
327608
410164
258505
57507
985151
778145
695385
97712
686676
742856
866503
598488
559145
13783
975152
158861
633073
430197
532453
43899
65972
398013
66271
295144
426336
345632
633041
89962
490629
366241
937772
748529
710507
239333
357477
914013
123455
145402
275371
901995
539429
66013
121198
509072
94373
959347
319075
48384
116103
821283
594882
190205
183226
263745
707431
805060
703865
779038
67886
842582
667386
392071
794616
624342
651540
604563
254059
40774
680840
511823
706973
584519
1842
384145
919635
622718
521291
959060
205021
94663
798882
992796
694380
441811
12907
975251
684610
775836
849553
935962
131595
617828
975822
73253
513778
971509
307667
493582
947389
224742
27821
645126
854484
142319
953499
638351
142240
92239
55066
6757
532215
869009
427324
445949
133492
954450
269288
593333
762076
820135
555930
155954
968629
509354
521897
684508
123133
291523
341822
774352
981191
733701
359021
822959
528044
807632
194113
470646
596408
6944
996858
876411
153179
123155
261511
553227
529265
703616
72339
808256
676761
144808
107641
339022
321319
128393
677287
77298
435707
465965
511441
22721
961498
621390
594867
477289
361015
994093
802322
801421
55359
53975
275701
401335
458431
557901
385879
839692
618217
412584
174582
714425
648541
702
984964
533623
171222
13893
568072
137109
474789
388567
158317
149564
985146
399849
397310
859873
808279
425494
685337
859730
616408
195653
923160
577627
47466
629227
952554
465175
693166
502330
862537
894183
983183
108181
631173
823977
374922
897519
537700
463899
535758
919832
760925
330950
566119
895836
667363
785763
360241
318387
211910
206444
546892
994625
636711
569903
907213
340247
269450
588385
474507
781000
5084
796991
888104
677337
299336
544662
490796
273881
523151
431911
197288
254580
898496
67915
336205
914088
293713
175958
175576
44477
122271
571013
588220
876899
759425
408869
775492
21384
195920
647738
748147
885423
765801
60470
849976
115283
874767
787761
508149
952240
370513
788806
495572
367711
366015
850944
429359
955277
158499
971967
237743
57398
195803
749972
423601
414265
229192
735680
985990
926929
364193
454048
379295
147800
600758
444878
311036
567594
289643
735693
710049
563679
493817
664731
337228
702962
763800
921735
956964
997864
932107
801699
206451
446512
667241
129778
536070
556113
977886
757633
986334
769559
136412
796775
60800
160107
484537
263715
435264
63937
94284
329555
595460
726522
121432
976392
408486
167098
759902
717282
764402
720788
699295
605675
261769
194800
982012
652864
356206
586207
645188
629801
405186
418954
607553
253625
859652
917001
512112
515153
223002
54243
669378
250392
699956
397290
58825
921631
694347
450526
223264
385983
408240
333293
300462
503935
417006
437278
817872
299521
79875
708765
92117
650006
80408
923757
2737
265039
407748
597873
242868
132657
609653
816147
291802
792183
606585
928186
248984
866606
616066
210230
833909
210887
469062
424014
386554
905027
549368
493850
96858
330665
844865
888506
134044
352595
86454
766197
875520
459343
786189
25452
437156
221196
317388
142380
948184
483002
110765
200972
750084
1519
965158
822805
811794
636789
418210
424085
270994
394907
46167
513960
589673
343102
748255
5702
292538
252699
799597
481715
942253
314182
706013
853983
318001
523633
608490
216307
803621
378420
643091
619108
662213
710647
820053
517196
484843
138320
997712
973269
825668
792162
151723
407059
967620
930000
369987
206103
493345
92958
942709
722966
868824
638460
654899
122312
927285
285945
224962
541748
562895
427141
297963
956854
586219
733314
256490
720658
381451
851033
618702
333002
772570
963387
844567
357338
769377
401397
961429
940961
531353
868606
985055
360227
284715
564944
729926
638786
475232
331714
12393
357799
8249
806832
795632
240319
171580
173308
129388
684162
287244
893739
355621
100926
477782
770556
15447
458083
433952
773819
382841
608582
402621
515483
542425
378625
720903
159370
479620
524626
154568
650232
521934
122030
99788
624766
259520
278330
566782
414991
609452
249555
469839
896179
420534
33184
553293
201721
261836
460019
473386
162797
731920
961264
244774
241387
433095
701608
742674
606923
930744
130693
314052
356137
861904
725085
828947
198386
417544
634140
314183
317796
840901
887023
907186
220056
107237
716354
962555
172660
134964
41404
657326
761487
281259
993913
896959
966988
265363
518372
632147
239152
660047
965772
481072
340828
389335
651556
85099
659164
340293
271385
759416
674605
99612
806420
21785
897292
614136
316309
555084
254413
538492
15718
932733
765403
78424
774388
924114
828395
575455
422289
910676
420926
335373
111821
600423
233025
718211
60720
828246
974252
288756
892006
162756
526810
853856
315018
160824
235276
742996
363360
698943
794577
502544
247533
1330
716822
286452
252466
108904
611393
20102
677230
686163
124575
847167
924382
179250
445885
490778
198000
362900
344740
982851
84745
547131
950717
26353
868755
453749
685587
585499
505317
926550
408737
880523
991341
687100
992988
4170
374312
233680
363418
940423
783246
833797
151682
205153
916849
640689
467354
288606
597353
750459
32378
860577
749573
281027
154342
157616
96414
390020
352678
982020
667657
831249
412344
535700
805558
485234
310312
773481
498214
3170
166254
365588
9328
297485
854260
660095
612560
931443
972507
490160
32585
875188
767151
566843
626895
538149
32228
539221
230026
710568
923535
582483
129265
757668
257251
290006
813971
954722
89194
795331
697370
413281
184112
184110
586522
859951
900003
103688
672190
799041
393785
211376
419591
936986
886186
905719
327935
234630
257915
951787
699642
222863
11801
660323
381534
295739
110384
511656
697975
126214
4901
29737
57640
25238
274666
630090
81101
243790
106670
791273
906712
972714
966252
115402
753886
970086
770458
572442
342601
91374
902558
341025
853919
666519
571810
18563
468326
129147
302164
166470
678970
110901
836172
865606
138501
707716
158244
637060
672060
687871
594244
124155
608863
164406
956528
95360
177281
305728
7935
16366
58609
577400
833131
761882
70574
438526
508258
502086
293420
555307
965313
940569
894334
339052
820818
451960
873118
89270
225259
661539
422389
892672
647893
906969
391341
523287
988837
199332
580531
537542
58227
613167
309610
520558
842827
803731
561348
101429
176566
574668
401533
797494
314318
717274
373464
400950
875881
567914
961489
903464
193822
864422
463161
798271
2072
620841
306752
262695
657649
627670
785147
621090
428233
139269
536659
396252
801440
241196
234463
117837
360166
620355
687115
712614
655542
633048
814973
671367
992728
948168
399109
163307
645316
140014
520944
735477
45622
773572
195996
81947
124392
645382
38293
309249
450228
407519
725209
399658
760188
247771
58791
455374
660345
661373
278265
63374
361063
636215
978692
835958
235390
543469
934282
438401
278887
487540
278886
644631
768925
752247
232920
173905
342637
226162
326883
253836
830224
326945
647165
365110
92360
704936
70789
986640
636431
208011
633902
814529
815051
346518
878845
564008
440358
924898
990442
529311
947174
905899
271617
82723
954614
544910
972858
65882
848324
86107
742001
110811
76850
699898
448863
83696
294400
56608
462307
565572
239225
745103
412360
443704
985100
392393
140624
621416
128800
517416
202371
924062
503088
282710
664193
315353
744861
104593
273574
400156
367319
878204
799112
839171
610653
818875
276026
560547
122550
19220
766087
467908
801144
251516
449287
624492
721423
944780
203490
876215
238818
794147
47316
819737
836482
351307
606515
108949
187445
178984
868350
400817
196171
303853
604143
856676
102744
64905
213874
80623
689449
372712
586093
807468
430436
551155
568121
580269
949185
22850
838442
822507
393062
422336
839472
886174
257484
850824
488823
81364
194507
453314
735060
794783
634258
887890
663436
435214
820508
168945
701680
550220
778188
747608
402811
159044
155931
182363
548379
928968
127282
883704
12108
68987
998102
912316
775349
906339
725201
116077
763947
735093
605017
76510
664398
458182
814469
15948
141194
824794
38833
137382
705381
905357
107907
234537
733537
496056
880471
440328
77777
929673
427190
447687
633311
542625
359809
955970
461208
745737
123279
955161
764889
482186
380148
899664
57181
707489
8507
440248
985596
681513
389766
458195
60012
571272
963246
708975
238701
743843
775436
771964
156563
529711
298245
418423
519354
111206
703013
29194
210063
785548
878878
47682
309402
964121
342252
470387
381589
790701
166729
180656
619939
956991
816852
809187
303524
697582
885306
321153
397613
446374
764262
486407
861159
276060
406767
46045
635615
522022
806764
753636
779000
552030
715975
819348
613089
853277
847565
271410
437368
38557
844139
495501
672395
179552
885177
338822
284813
92345
746187
276178
20218
701768
371509
219705
440432
643579
887571
38156
596070
652894
559101
420051
101613
67154
890467
134737
851594
684598
203294
634982
141452
792539
714152
802706
704931
140761
549332
617714
889035
546293
23898
713846
404822
398375
90877
110542
644199
791134
509843
136072
60424
361010
219680
507179
829027
279718
68886
751890
493583
935984
227862
101563
1078
22696
727427
66349
438495
176801
810070
587053
135368
689639
246151
826492
537759
785894
367069
124116
792016
55591
334699
738597
744453
203553
369264
565863
104415
460187
513055
274136
86570
761622
621771
974066
605733
848980
493420
155037
950020
847876
32736
261743
828121
368526
984703
415920
730236
97347
374717
801702
303432
244342
107149
605142
445918
790608
788869
93664
175664
57440
674609
663387
280802
120827
811678
766210
582720
422096
74164
8123
288173
932398
343938
71752
115205
444873
694278
883348
517349
672743
592522
700780
329136
989588
327976
937173
93198
926659
544790
382069
172633
191334
244835
447164
231029
974138
513153
1044
466073
720601
468168
132967
937510
896538
709801
672655
426608
143774
820555
223281
740921
306752
539607
344640
497297
595005
247711
25829
57058
358821
467962
969674
307792
780197
620546
209766
25898
791024
235218
412309
59991
490728
37605
269262
149722
688328
396258
629952
72264
712901
394236
840368
129830
55215
494198
67601
503435
890233
714201
370548
784281
644184
912697
7760
653198
452999
118303
132215
43909
655008
622541
786429
589280
429568
521519
213701
114282
306146
436920
779142
187506
521799
127448
503811
987866
617508
982651
778699
29431
982356
179963
688952
365484
710687
418605
313667
859
824804
733842
116608
982988
961287
351269
679792
859402
906475
718804
279417
183456
81879
468316
186280
98722
471825
927829
737627
938132
258652
628357
237263
474133
622803
226546
853815
685435
154938
927732
640834
936272
27029
246579
506943
97864
460860
739498
98007
587755
781441
750820
147228
1554
369944
967485
62793
737771
160611
950822
558664
329718
822987
985345
596634
523067
35159
434663
211074
237632
962495
915351
208670
900136
682756
633822
609245
452207
508777
175784
684722
114608
62400
186933
928402
723831
590983
600416
427144
784807
324611
286817
106939
74063
554285
621155
243650
2414
844452
647476
264377
671119
791675
994492
82466
763734
144926
255131
840644
753522
750460
654416
923063
299401
288062
233458
891674
967383
601277
487232
125923
76246
700263
506532
68840
19901
884342
508791
50746
376379
929467
483738
894868
30184
732909
705843
384640
993163
615808
96958
757496
912471
240133
576248
230157
562987
728638
437454
440250
677042
500258
306132
341916
491889
29387
227688
399321
516589
44957
126216
777618
646844
362140
312070
286453
272220
810096
149661
805007
253861
739922
206899
113290
900275
633354
784992
424055
88159
248941
790973
523207
963456
627380
402304
899875
187385
683545
283696
555540
631688
36394
670129
239676
816865
750585
208018
202995
848487
615980
652890
729675
262223
109443
506250
823602
401887
880281
215549
443698
643328
934818
665002
675247
256185
114566
958430
357629
151634
875157
50897
54102
433641
57622
762466
685258
620863
839980
114020
258201
243457
443441
685954
38300
971153
401187
462119
866242
200843
809189
385471
983288
291486
470230
157783
559575
709912
224638
824060
117577
947988
99915
511804
464936
885325
287760
732470
79875
994169
926963
555238
46778
132572
960806
731068
365613
281988
523340
609064
625963
612855
669653
192111
604719
605582
195631
203090
577593
88159
571027
491786
907465
459699
419409
753579
961801
52494
719087
476358
7666
292489
481892
854915
709919
688340
309541
437940
976811
857035
28197
280338
29328
868275
112204
461567
836086
691573
943742
908232
630150
710360
459604
405252
389742
165177
145822
859898
300752
502313
72836
641670
227050
38089
271149
818809
563637
490522
110133
920264
674220
2078
969593
720525
911894
484039
725896
798754
937877
375079
558105
935733
70060
74846
211128
831518
37419
910211
920007
541896
698297
17267
624755
95147
996174
158437
375887
293855
124985
864701
857092
472421
969340
73075
509114
405279
683522
919644
624537
646142
205411
654130
292581
220245
990507
880744
667525
661158
830663
128002
500293
386578
537763
908123
576664
748388
476081
456245
567354
812258
895035
261691
451991
535123
477511
12639
335147
778587
68772
689504
299347
227392
524071
269502
210256
293737
949954
925527
679769
311660
977508
511037
177672
136732
122478
92881
449767
470878
211941
221646
455332
991124
936988
810123
216515
672361
41170
231883
403134
7223
185255
961213
446676
173621
682333
670790
671066
933881
998090
475582
416152
50486
151409
402931
869334
37315
154618
488105
276730
393570
647965
474348
830056
716362
916875
818066
525047
932372
868306
332901
260256
206601
705141
476106
856438
406494
836523
475705
545833
597999
829182
682500
936020
526330
546855
942180
215330
312303
166017
875510
561771
97550
482574
706295
881531
400831
770426
714806
516476
604950
811527
185038
596060
676159
228186
415011
977137
849661
655328
845936
37225
358052
571011
656521
183515
206055
626224
348843
192448
880435
293321
838090
106296
67948
544559
740650
992720
533052
220504
480480
770861
305864
679509
836240
127553
475035
760907
258750
628209
970730
582452
430739
638464
421899
407681
442702
743712
259699
181246
662981
975855
230087
574197
702364
77663
65672
916923
686172
997269
651663
51701
324946
943026
788447
521882
528422
378670
148171
338853
851895
937569
457728
585748
212691
392944
135611
238174
747301
245875
181638
284324
640594
336596
817457
453423
241758
259506
490407
39701
268445
428713
153833
184362
648889
797114
832257
888319
103424
899619
254844
615151
834725
758889
872054
560404
209080
669497
401234
596504
25452
377834
493814
638048
66279
248037
218363
607227
380533
594670
730448
438542
949288
856092
707587
820418
530930
958244
857472
228723
141889
703212
108146
34672
414056
718780
535298
675909
906634
855291
395308
540835
561099
912988
2836
612360
389884
790959
138183
871985
160668
91851
257937
898167
395917
408066
945340
443421
199150
772930
315181
309752
384066
563756
519800
750509
592237
346545
954151
131972
704633
987260
379234
985882
940329
538413
738534
914215
714954
732786
23137
902628
914022
737999
601312
181418
981409
216801
180239
922188
93400
561154
964349
921613
468071
503370
573342
910260
186065
193128
545728
684085
252481
674920
296982
327938
897043
97970
951208
576703
774091
237468
724656
992360
651108
569680
354558
194345
931259
927855
600788
574070
634094
520512
102875
38599
61770
14847
975374
388592
275056
107406
558450
661056
175694
885623
46052
859936
698943
571953
792517
329572
205359
978020
323539
125635
233021
113871
457469
200641
40922
391306
909941
8099
778240
435418
110474
660263
673178
596645
216154
534604
371543
732315
762853
986687
756855
708803
626786
35292
643733
183106
444451
795092
29490
101641
306828
524411
859281
802624
590820
798901
602070
251788
948801
943246
474566
579506
379839
424723
441466
694187
82380
890878
783200
466092
854471
477351
204630
278345
887509
690421
509053
684445
495109
854193
5369
705149
499745
183909
908430
27670
465946
777557
982300
549004
947620
279285
946340
770843
857481
785296
78362
79247
323787
546392
360005
162862
780817
630431
778676
580320
14538
904439
809699
602084
631639
173423
303172
345704
526623
979671
260084
956597
565031
338480
581642
52803
630736
234569
901675
417103
494054
456514
351788
327597
576511
230546
449451
474739
508694
497942
911154
266013
148807
202800
862869
685421
43841
231606
545701
497492
676375
318934
128449
224965
863582
877137
773235
177646
123592
210560
825482
448938
232813
166930
430899
754593
26645
378949
348291
99328
807681
952852
704948
699686
247776
799004
511421
496682
163917
863781
565469
590813
96656
941679
461742
450495
586233
802935
563395
669033
330853
373025
753319
466105
552273
416769
409160
855561
522534
588764
475921
304064
169060
362018
587852
650399
444744
592541
872856
465265
711271
461123
537638
988877
442216
205634
322316
649976
225006
614261
196289
818290
244554
489939
142621
467964
415146
154433
714507
183348
121679
134132
24203
140031
571862
927988
575930
46766
166943
873019
192006
934946
739912
170738
951746
871466
525852
611345
774828
33096
890928
338564
642105
253812
382642
593364
379945
612218
209080
718444
109376
459977
69702
613481
939174
789896
113156
161428
523451
23626
764020
392504
711313
158229
584018
455397
386237
588082
193509
885752
620826
551530
574983
674873
120705
133053
434897
198784
765735
31409
152212
556923
462773
17170
571310
209990
957186
865906
818766
790469
672538
250284
587787
325565
14092
642234
120496
417690
88400
24628
994330
317649
174015
259692
909600
925144
360182
217840
104382
466727
657352
714023
89717
487840
611131
900885
786792
444937
616209
694859
536512
632915
425720
259519
832760
593780
226868
176784
912071
301763
467072
854515
493728
721480
722557
759292
12484
872096
288534
833406
388875
536930
8816
507578
969939
684311
249358
763608
339810
183578
893150
475468
213387
318256
165852
718164
719607
388255
984678
440610
449362
994808
787705
537688
729660
890460
61458
326477
417366
946751
703179
158273
472697
189629
639664
337855
759629
545848
16291
503302
549366
714633
721564
560692
922733
102236
89837
634044
429680
457639
216293
767998
177663
102281
356613
970409
984353
134286
555622
970100
622581
14277
926119
811489
348406
65682
115238
107367
321056
244899
335014
906494
586780
254498
299862
693310
922783
710496
914380
161561
133088
650365
995819
171443
258739
144176
828302
948787
805437
388150
393502
324188
522772
689534
320072
613706
12817
447918
544862
808369
724989
632811
343666
135821
136315
764033
137014
237043
160449
6060
979766
4549
565962
872135
135285
596482
245290
799912
289609
883900
445612
570654
140881
872336
437622
716695
441449
163982
706861
953067
886853
701380
928456
909476
130997
393849
892495
30028
963851
687869
829751
455984
862896
598988
383783
220829
530025
861175
22576
453547
605830
452301
776824
691261
244390
681709
260485
417076
523494
534804
647648
388424
731670
485716
785428
31111
680152
132269
847012
705484
475752
15504
339624
29977
350302
134793
860756
750998
484773
615021
624188
320960
31956
689432
241954
939683
128765
423957
181254
6070
581798
938486
924450
29470
284137
168607
922705
468246
710148
205360
538720
826103
619836
216587
40066
876494
932384
951572
188830
76305
817336
820246
213146
287789
683073
707909
730515
52201
892502
828877
629070
674601
304953
17338
176147
666254
528295
749758
309198
677674
687528
499188
836697
711741
558686
365926
610015
210590
888761
395816
702860
107654
530671
748498
446860
250934
758082
997923
473827
107345
895870
203112
633815
409745
617027
753411
313163
73679
505073
9613
438276
46136
131509
697399
734082
304001
303203
283825
863850
482134
468301
218651
569269
351711
466685
882455
662537
980244
446898
663049
387017
891577
836497
878256
126044
353660
505305
604770
446246
808701
591905
807744
973143
1077
528583
568867
884075
838967
644674
68844
356194
544771
126823
286850
789824
125101
74448
374886
775781
950140
789231
592257
716764
717400
957278
413508
33623
254886
664617
53913
669803
567084
467293
63185
472104
75580
30899
435296
223897
768083
78994
750859
323641
253981
960936
190171
423771
364065
406849
579953
93492
375237
72367
551954
349571
207643
328208
286970
206949
817039
327640
428300
504503
258049
14811
950336
135938
191169
843807
304016
943411
583767
311540
38003
37319
781570
637114
776238
51307
116430
963353
922870
549727
557930
338236
675842
980399
432033
752303
900358
514047
346581
101536
73187
116824
321075
761953
129615
370256
888588
933223
7213
76686
895729
264888
394257
118865
994963
152566
687776
239181
417021
503231
673230
960655
326814
861003
46788
234450
615332
862370
95362
996994
479901
155128
652654
868281
925649
845874
487392
265135
869966
483128
507750
603564
350490
934148
497894
242000
947008
287094
427184
688226
419529
656662
135577
399666
828314
398700
979748
909099
216300
815871
692997
867886
880486
40158
912745
344098
481567
528757
675728
744475
699293
778430
687878
999205
404541
505673
383786
537558
140949
490780
581749
847604
250411
927222
249751
288406
570079
572797
33516
77907
767627
629444
150895
200981
805510
792186
412207
550500
947214
179993
710184
870404
528214
370615
263802
672063
474799
844061
809918
760862
199423
781767
667599
563718
946933
275937
575291
172347
648331
631010
606182
877388
620571
338061
901142
802834
285769
132980
378259
751327
349721
947709
571308
11621
179977
44044
663256
833998
779818
815031
939421
907039
911233
379106
339609
475190
187679
996872
976327
651102
223677
211230
544825
336922
425453
157708
961763
645166
396406
228544
512008
421972
255129
255005
559003
647079
546757
764480
307555
219941
880953
430261
907442
596457
564368
39209
910615
776344
714798
127642
857057
864477
695104
775793
276306
413209
610271
496044
202229
672961
674457
861154
75118
597604
407719
440690
658066
430610
841872
135891
139539
455308
793246
89100
266312
946686
494924
575269
943386
767149
586814
282141
26276
689311
79290
726922
398567
696411
850058
229014
237601
381072
560640
648899
576464
454553
543426
504855
995059
218482
490434
254419
258601
302688
950584
920185
813029
